anomaly_score_adjusted,has_trigger,balance_error_flag,has_activity,inflow_spike,outflow_to_inflow,outflow_spike,raw_balance,balance,cumulativeincome,rolling_income_std,incomedistribution,zero_activity_freq,rolling_30_balance_std,ratio,rolling_30_inflows_mean,is_income_distribution_day,gross_activity,raw_outflows,clientid,fundname,transactiondate,anomaly_score,is_first_transaction,inflows,outflows,client_tenure,raw_inflows,dayofweek,month,is_weekend,lag_inflows,rolling_mean_inflows,rolling_std_inflows,lag_balance,rolling_mean_balance,rolling_std_balance,lag_cumulativeincome,rolling_mean_cumulativeincome,rolling_std_cumulativeincome,is_anomaly
-0.26780391827708666,1,0,1,0,-0.10877303264298453,0,2500.413406,2500.413406,-0.140297270327966,-0.07091369180769326,-0.03055635111510901,-8.033819843083116,-0.07098164588220736,0.09156323780521684,-0.03333844131791407,0,-0.013680200236634845,0.0,BFF092D3-CC69-EF11-B2FD-005056A80461,FIXED INCOME FUND (USD),2024-09-05,0.0,True,2500.0,0.0,-1.4856316373157525,2500.0,3,9,False,-0.015124477871201124,-0.014428922558348508,0.0018402663809025986,-0.1627554955696912,-0.16269381837219646,0.00016327770851450643,-0.14020524961233724,-0.14022718303147846,3.169988767047492e-05,0
4.036796243651028,1,1,1,0,-0.10877303264298453,0,2500.749853,2500.749853,-0.14027614544953185,-0.07036104896722657,-0.03055635111510901,-8.033819843083116,-0.07098136185431904,0.08876948816368128,-0.03333844131791407,0,-0.013680200236634845,0.0,BFF092D3-CC69-EF11-B2FD-005056A80461,FIXED INCOME FUND (USD),2024-09-06,0.2828427121263999,False,2500.0,0.0,-1.4698470601434441,2500.0,4,9,False,-0.01025559068123281,-0.013733367245495893,0.002375773681937866,-0.16232353934023305,-0.1626320893993281,0.00021080513916913105,-0.140297270327966,-0.14023436123077865,3.666123899804937e-05,1
-0.26780391827708666,0,0,0,0,-0.10877303264298453,0,2501.092988,2501.092988,-0.1402546006440751,-0.07048073366554065,-0.03055635111510901,-5.229231644954122,-0.07098124020724508,0.08876948816368128,-0.0347267778393866,0,-0.01763055510438104,0.0,BFF092D3-CC69-EF11-B2FD-005056A80461,FIXED INCOME FUND (USD),2024-09-07,0.0,False,0.0,0.0,-1.4540624829711355,0.0,5,9,True,-0.01025559068123281,-0.013733367245495893,0.002375773681937866,-0.16232346521402657,-0.16257035173393067,0.00023094165723729985,-0.14027614544953185,-0.14023906218714385,3.6875374732760374e-05,0
-0.26780391827708666,0,0,0,0,-0.10877303264298453,0,2501.436105,2501.436105,-0.1402330569688047,-0.07054413791131951,-0.03055635111510901,-3.826937545889623,-0.07098112010719218,0.08876948816368128,-0.03542094610012288,0,-0.01763055510438104,0.0,BFF092D3-CC69-EF11-B2FD-005056A80461,FIXED INCOME FUND (USD),2024-09-08,0.0,False,0.0,0.0,-1.438277905798827,0.0,6,9,True,-0.015124477871201124,-0.013733367245495893,0.002375773681937866,-0.16232338961431592,-0.16250860537641323,0.00023095796596285038,-0.1402546006440751,-0.14024128601718064,3.581166443913e-05,0
-0.26780391827708666,0,0,0,0,-0.10877303264298453,0,2501.778876,2501.778876,-0.14021153501822778,-0.07058524420756257,-0.03055635111510901,-2.985561086450924,-0.07098100081961907,0.08864732557633388,-0.035837447056564636,0,-0.01763055510438104,0.0,BFF092D3-CC69-EF11-B2FD-005056A80461,FIXED INCOME FUND (USD),2024-09-09,0.0,False,0.0,0.0,-1.4224933286265187,0.0,0,9,False,-0.015124477871201124,-0.013733367245495893,0.002375773681937866,-0.162323314018571,-0.16244685029671777,0.00021084975203771635,-0.1402330569688047,-0.14024102415479392,3.605570037866223e-05,0
-0.26780391827708666,0,0,0,0,-0.10877303264298453,0,2502.118856,2502.118856,-0.14019018830932548,-0.07061270891758853,-0.03055635111510901,-2.424643446825125,-0.07098088281080162,0.08732016657766487,-0.036115114360859145,0,-0.01763055510438104,0.0,BFF092D3-CC69-EF11-B2FD-005056A80461,FIXED INCOME FUND (USD),2024-09-10,0.0,False,0.0,0.0,-1.40670875145421,0.0,1,9,False,-0.015124477871201124,-0.013733367245495893,0.002375773681937866,-0.16232323849905703,-0.1623850865500504,0.0001633350763989964,-0.14021153501822778,-0.14023829233289545,3.942588868474132e-05,0
-0.26780391827708666,0,0,0,0,-0.10877303264298453,0,2502.460881,2502.460881,-0.14016871319869456,-0.07063563905697949,-0.03055635111510901,-2.023987989949554,-0.07098076473052464,0.08722934413052705,-0.03631344814964093,0,-0.01763055510438104,0.0,BFF092D3-CC69-EF11-B2FD-005056A80461,FIXED INCOME FUND (USD),2024-09-11,0.0,False,0.0,0.0,-1.3909241742819016,0.0,2,9,False,-0.015124477871201124,-0.013733367245495894,0.002375773681937866,-0.16232316359445784,-0.16232331407428063,1.635324000259641e-07,-0.14019018830932548,-0.1402330728452322,4.6341373460887604e-05,0
-0.26780391827708666,0,0,0,0,-0.10877303264298453,0,2502.762712,2502.762712,-0.1401497617942158,-0.0707604467193881,-0.03055635111510901,-0.8220216193228418,-0.07098065634487152,0.07240098064853052,-0.036462198491227275,0,-0.01763055510438104,0.0,BFF092D3-CC69-EF11-B2FD-005056A80461,FIXED INCOME FUND (USD),2024-09-12,0.0,False,0.0,0.0,-1.3751395971095932,0.0,3,9,False,-0.015124477871201124,-0.014428922558348508,0.0018402663809025986,-0.16232308823930303,-0.16232324013134944,1.6170906115571424e-07,-0.14016871319869456,-0.14021200019755362,4.5818766963128424e-05,0
-0.26780391827708666,0,0,0,0,-0.10877303264298453,0,2503.06908,2503.06908,-0.140130525519985,-0.0707240768334515,-0.03055635111510901,0.3799447513038712,-0.07098055144760293,0.0649228394377169,-0.036577893201349986,0,-0.01763055510438104,0.0,BFF092D3-CC69-EF11-B2FD-005056A80461,FIXED INCOME FUND (USD),2024-09-13,0.0,False,0.0,0.0,-1.3593550199372848,0.0,4,9,False,-0.015124477871201124,-0.015124477871201124,0.0,-0.1623230217397146,-0.16232316713513587,1.584672093025335e-07,-0.1401497617942158,-0.1401911973504755,4.48894142006642e-05,0
-0.26780391827708666,0,0,0,0,-0.10877303264298453,0,2503.390248,2503.390248,-0.14011035998141,-0.0707289228290362,-0.03055635111510901,0.3799447513038712,-0.07098044533691182,0.0649228394377169,-0.036670448969448155,0,-0.01763055510438104,0.0,BFF092D3-CC69-EF11-B2FD-005056A80461,FIXED INCOME FUND (USD),2024-09-14,0.0,False,0.0,0.0,-1.3435704427649762,0.0,5,9,True,-0.015124477871201124,-0.015124477871201124,0.0,-0.16232295424053161,-0.16232309483031981,1.554767612221175e-07,-0.140130525519985,-0.1401705915415233,4.403192800625791e-05,0
-0.26780391827708666,0,0,0,0,-0.10877303264298453,0,2503.711399,2503.711399,-0.14009019551023327,-0.07074057649017584,-0.03055635111510901,0.3799447513038712,-0.07098033835752263,0.0649228394377169,-0.036746176416073924,0,-0.01763055510438104,0.0,BFF092D3-CC69-EF11-B2FD-005056A80461,FIXED INCOME FUND (USD),2024-09-15,0.0,False,0.0,0.0,-1.3277858655926678,0.0,6,9,True,-0.015124477871201124,-0.015124477871201124,0.0,-0.16232288348060364,-0.16232302321686984,1.5312249060858276e-07,-0.14011035998141,-0.1401501827617274,4.335671477408531e-05,0
-0.26780391827708666,0,0,0,0,-0.10877303264298453,0,2504.028912,2504.028912,-0.14007025946227838,-0.07075885662683168,-0.03055635111510901,0.3799447513038712,-0.07098023132640535,0.06371208667411185,-0.036809282621595406,0,-0.01763055510438104,0.0,BFF092D3-CC69-EF11-B2FD-005056A80461,FIXED INCOME FUND (USD),2024-09-16,0.0,False,0.0,0.0,-1.3120012884203593,0.0,0,9,False,-0.015124477871201124,-0.015124477871201124,0.0,-0.16232281272442114,-0.16232295239839958,1.515895495396239e-07,-0.14009019551023327,-0.14013000053944893,4.291698972111883e-05,0
-0.26780391827708666,0,0,0,0,-0.10877303264298453,0,2504.318097,2504.318097,-0.14005210207650892,-0.07074163945110706,-0.03055635111510901,0.3799447513038712,-0.07098012843122455,0.053539332999976486,-0.036862680180113586,0,-0.01763055510438104,0.0,BFF092D3-CC69-EF11-B2FD-005056A80461,FIXED INCOME FUND (USD),2024-09-17,0.0,False,0.0,0.0,-1.2962167112480507,0.0,1,9,False,-0.015124477871201124,-0.015124477871201124,0.0,-0.16232274276976502,-0.16232288317867002,1.4969349298287744e-07,-0.14007025946227838,-0.14011027393476086,4.2373022861022424e-05,0
-0.26780391827708666,0,0,0,0,-0.10877303264298453,0,2504.624987,2504.624987,-0.14003283302687355,-0.07079472301990376,-0.03055635111510901,0.3799447513038712,-0.07098002570380126,0.052314509153012036,-0.0369084495159863,0,-0.01763055510438104,0.0,BFF092D3-CC69-EF11-B2FD-005056A80461,FIXED INCOME FUND (USD),2024-09-18,0.0,False,0.0,0.0,-1.2804321340757423,0.0,2,9,False,-0.015124477871201124,-0.015124477871201124,0.0,-0.16232267905635095,-0.16232281506479254,1.493113159088599e-07,-0.14005210207650892,-0.14009086248164354,4.226336762608916e-05,0
-0.26780391827708666,0,0,0,0,-0.10877303264298453,0,2504.933991,2504.933991,-0.14001343124312854,-0.07079921539152258,-0.03055635111510901,0.3799447513038712,-0.07097992272603414,0.051598802685777996,-0.036948116273742664,0,-0.01763055510438104,0.0,BFF092D3-CC69-EF11-B2FD-005056A80461,FIXED INCOME FUND (USD),2024-09-19,0.0,False,0.0,0.0,-1.264647556903434,0.0,3,9,False,-0.015124477871201124,-0.015124477871201124,0.0,-0.1623226114421606,-0.16232274672514935,1.4842441019826054e-07,-0.14003283302687355,-0.1400713866886311,4.200887910253043e-05,0
-0.26780391827708666,0,0,0,0,-0.10877303264298453,0,2505.24464,2505.24464,-0.13999392617290737,-0.0708004952974004,-0.03055635111510901,0.3799447513038712,-0.07097981929753296,0.051598802685777996,-0.03698282468677947,0,-0.01763055510438104,0.0,BFF092D3-CC69-EF11-B2FD-005056A80461,FIXED INCOME FUND (USD),2024-09-20,0.0,False,0.0,0.0,-1.2488629797311253,0.0,4,9,False,-0.015124477871201124,-0.015124477871201124,0.0,-0.16232254336221247,-0.16232267825076444,1.4729400054514902e-07,-0.14001343124312854,-0.14005187249619144,4.1684488955442205e-05,0
-0.26780391827708666,0,0,0,0,-0.10877303264298453,0,2505.555273,2505.555273,-0.13997442210729633,-0.07081029164255216,-0.03055635111510901,0.3799447513038712,-0.0709797154886112,0.051598802685777996,-0.03701344975710607,0,-0.01763055510438104,0.0,BFF092D3-CC69-EF11-B2FD-005056A80461,FIXED INCOME FUND (USD),2024-09-21,0.0,False,0.0,0.0,-1.2330784025588168,0.0,5,9,True,-0.015124477871201124,-0.015124477871201124,0.0,-0.16232247491983695,-0.16232261010796198,1.4686080045346226e-07,-0.13999392617290737,-0.1400324527998895,4.156016582083446e-05,0
-0.26780391827708666,0,0,0,0,-0.10877303264298453,0,2505.865889,2505.865889,-0.1399549191090835,-0.07082407692014954,-0.03055635111510901,0.3799447513038712,-0.07097961135638178,0.051598802685777996,-0.03704067204184083,0,-0.01763055510438104,0.0,BFF092D3-CC69-EF11-B2FD-005056A80461,FIXED INCOME FUND (USD),2024-09-22,0.0,False,0.0,0.0,-1.2172938253865084,0.0,6,9,True,-0.015124477871201124,-0.015124477871201124,0.0,-0.16232240648098656,-0.16232254229674203,1.4730036295643685e-07,-0.13997442210729633,-0.14001312759972523,4.1686315461720724e-05,0
-0.26780391827708666,0,0,0,0,-0.10877303264298453,0,2506.174145,2506.174145,-0.1399355642908607,-0.07083496865832217,-0.03055635111510901,0.3799447513038712,-0.07097950719222028,0.05087094391927902,-0.037065028822919295,0,-0.01763055510438104,0.0,BFF092D3-CC69-EF11-B2FD-005056A80461,FIXED INCOME FUND (USD),2024-09-23,0.0,False,0.0,0.0,-1.2015092482142,0.0,0,9,False,-0.015124477871201124,-0.015124477871201124,0.0,-0.16232233804588164,-0.16232247477688036,1.4841201715439566e-07,-0.1399549191090835,-0.13999388543237984,4.200532409650445e-05,0
-0.26780391827708666,0,0,0,0,-0.10877303264298453,0,2506.483294,2506.483294,-0.1399161534028366,-0.07089913032462195,-0.03055635111510901,0.3799447513038712,-0.07097940288477701,0.050851116483636265,-0.037086949925889914,0,-0.01763055510438104,0.0,BFF092D3-CC69-EF11-B2FD-005056A80461,FIXED INCOME FUND (USD),2024-09-24,0.0,False,0.0,0.0,-1.1857246710418914,0.0,1,9,False,-0.015124477871201124,-0.015124477871201124,0.0,-0.1623222701307333,-0.16232240662866435,1.4850047748778697e-07,-0.1399355642908607,-0.1399744641932838,4.2030708181983774e-05,0
-0.26780391827708666,0,0,0,0,-0.10877303264298453,0,2506.780748,2506.780748,-0.13989747682200884,-0.07086562786637625,-0.03055635111510901,0.3799447513038712,-0.07097929954929678,0.04776315328094997,-0.0371067833047681,0,-0.01763055510438104,0.0,BFF092D3-CC69-EF11-B2FD-005056A80461,FIXED INCOME FUND (USD),2024-09-25,0.0,False,0.0,0.0,-1.169940093869583,0.0,2,9,False,-0.015124477871201124,-0.015124477871201124,0.0,-0.1623222020188387,-0.16232233877744046,1.4782738806493735e-07,-0.1399161534028366,-0.13995512759258885,4.18375594765078e-05,0
-0.26780391827708666,0,0,0,0,-0.10877303264298453,0,2507.084137,2507.084137,-0.13987842759362146,-0.07086295459204442,-0.03055635111510901,0.3799447513038712,-0.07097919641109748,0.04686068516185502,-0.0371248136492028,0,-0.01763055510438104,0.0,BFF092D3-CC69-EF11-B2FD-005056A80461,FIXED INCOME FUND (USD),2024-09-26,0.0,False,0.0,0.0,-1.1541555166972746,0.0,3,9,False,-0.015124477871201124,-0.015124477871201124,0.0,-0.1623221364835936,-0.16232227110294523,1.4699114969349635e-07,-0.13989747682200884,-0.13993584135694498,4.1597576603591034e-05,0
-0.26780391827708666,0,0,0,0,-0.10877303264298453,0,2507.382296,2507.382296,-0.13985970674716106,-0.07085558705580138,-0.03055635111510901,0.3799447513038712,-0.07097909385830059,0.0448670684877098,-0.0371412761375997,0,-0.01763055510438104,0.0,BFF092D3-CC69-EF11-B2FD-005056A80461,FIXED INCOME FUND (USD),2024-09-27,0.0,False,0.0,0.0,-1.138370939524966,0.0,4,9,False,-0.015124477871201124,-0.015124477871201124,0.0,-0.16232206964074564,-0.16232220382156487,1.4593387500198652e-07,-0.13987842759362146,-0.13991666715326692,4.12941332200754e-05,0
-0.26780391827708666,0,0,0,0,-0.10877303264298453,0,2507.683783,2507.683783,-0.1398407769417995,-0.07085931561076968,-0.03055635111510901,0.3799447513038712,-0.07097899147522442,0.0448670684877098,-0.03715636675196354,0,-0.01763055510438104,0.0,BFF092D3-CC69-EF11-B2FD-005056A80461,FIXED INCOME FUND (USD),2024-09-28,0.0,False,0.0,0.0,-1.1225863623526575,0.0,5,9,True,-0.015124477871201124,-0.015124477871201124,0.0,-0.1623220039501745,-0.16232213682804914,1.4503191691491368e-07,-0.13985970674716106,-0.1398975749867674,4.103524168397667e-05,0
-0.26780391827708666,0,0,0,0,-0.10877303264298453,0,2507.985254,2507.985254,-0.13982184814104803,-0.07086751965420755,-0.03055635111510901,0.3799447513038712,-0.07097888921024431,0.0448670684877098,-0.03717025011717827,0,-0.01763055510438104,0.0,BFF092D3-CC69-EF11-B2FD-005056A80461,FIXED INCOME FUND (USD),2024-09-29,0.0,False,0.0,0.0,-1.106801785180349,0.0,6,9,True,-0.015124477871201124,-0.015124477871201124,0.0,-0.16232193752637636,-0.1623220701223665,1.4444003333902952e-07,-0.1398407769417995,-0.1398785648484766,4.086533913112199e-05,0
-0.26780391827708666,0,0,0,0,-0.10877303264298453,0,2508.276887,2508.276887,-0.13980353704993298,-0.07085832064659857,-0.028891197097543512,0.3799447513038712,-0.07097878777724653,0.041912140982239464,-0.03718306553122263,1,-0.01763055510438104,0.0,BFF092D3-CC69-EF11-B2FD-005056A80461,FIXED INCOME FUND (USD),2024-09-30,0.0,False,0.0,0.0,-1.0910172080080405,0.0,0,9,False,-0.015124477871201124,-0.015124477871201124,0.0,-0.16232187110610333,-0.16232200393988241,1.4365695267024517e-07,-0.13982184814104803,-0.13985970381405835,4.064053690715795e-05,0
-0.26780391827708666,0,0,0,0,-0.10877303264298453,0,2508.57067,2508.57067,-0.14030478123260456,-0.07086988905575317,-0.03055635111510901,0.3799447513038712,-0.07097868685003904,0.040883672707608246,-0.03719493165533778,0,-0.01763055510438104,0.0,BFF092D3-CC69-EF11-B2FD-005056A80461,FIXED INCOME FUND (USD),2024-10-01,0.0,False,0.0,0.0,-1.075232630835732,0.0,1,10,False,-0.015124477871201124,-0.015124477871201124,0.0,-0.16232180685334446,-0.16232193824103347,1.4313182387025158e-07,-0.13980353704993298,-0.1399152220754538,0.00017475760852720974,0
-0.26780391827708666,0,0,0,0,-0.10877303264298453,0,2508.853467,2508.853467,-0.14028702493741826,-0.07083981365457843,-0.03055635111510901,0.3799447513038712,-0.07097858710367773,0.04009761082357728,-0.03720595019915899,0,-0.01763055510438104,0.0,BFF092D3-CC69-EF11-B2FD-005056A80461,FIXED INCOME FUND (USD),2024-10-02,0.0,False,0.0,0.0,-1.0594480536634237,0.0,2,10,False,-0.015124477871201124,-0.015124477871201124,0.0,-0.16232174212689623,-0.1623218730035044,1.4178012533508197e-07,-0.14030478123260456,-0.13997087180622655,0.00022341499383764143,0
-0.26780391827708666,0,0,0,0,-0.10877303264298453,0,2509.148049,2509.148049,-0.1402685286841038,-0.07084739919259596,-0.03055635111510901,0.3799447513038712,-0.07097848751460509,0.03956738681880782,-0.03721620884340632,0,-0.01763055510438104,0.0,BFF092D3-CC69-EF11-B2FD-005056A80461,FIXED INCOME FUND (USD),2024-10-03,0.0,False,0.0,0.0,-1.0436634764911152,0.0,3,10,False,-0.015124477871201124,-0.015124477871201124,0.0,-0.16232167982089024,-0.16232180804317015,1.4083821695252984e-07,-0.14028702493741826,-0.14002660053343832,0.0002441991687387448,0
-0.26780391827708666,0,0,0,0,-0.10877303264298453,0,2509.432347,2509.432347,-0.1402506781439323,-0.07083855173488504,-0.03055635111510901,0.3799447513038712,-0.07097838872152579,0.036286905611977255,-0.037225783578037165,0,-0.01763055510438104,0.0,BFF092D3-CC69-EF11-B2FD-005056A80461,FIXED INCOME FUND (USD),2024-10-04,0.0,False,0.0,0.0,-1.0278788993188066,0.0,4,10,False,-0.015124477871201124,-0.015124477871201124,0.0,-0.16232161491840588,-0.16232174351910217,1.3958468571101458e-07,-0.1402685286841038,-0.14008245359011992,0.0002443766546810142,0
-0.26780391827708666,0,0,0,0,-0.10877303264298453,0,2509.725119,2509.725119,-0.1402322955371356,-0.07084902575266501,-0.03055635111510901,0.3799447513038712,-0.07097840745991486,0.036286905611977255,-0.03736461723018442,0,-0.01763055510438104,0.0,BFF092D3-CC69-EF11-B2FD-005056A80461,FIXED INCOME FUND (USD),2024-10-05,0.0,False,0.0,0.0,-1.0120943221464982,0.0,5,10,True,-0.015124477871201124,-0.015124477871201124,0.0,-0.1623215522816986,-0.16232167926933336,1.3890750357539542e-07,-0.1402506781439323,-0.14013838481802507,0.0002237806169280004,0
-0.26780391827708666,0,0,0,0,-0.10877303264298453,0,2510.017876,2510.017876,-0.1402139138721609,-0.07086522288566446,-0.03055635111510901,0.3799447513038712,-0.07097842551987232,0.036286905611977255,-0.037503450882331674,0,-0.01763055510438104,0.0,BFF092D3-CC69-EF11-B2FD-005056A80461,FIXED INCOME FUND (USD),2024-10-06,0.0,False,0.0,0.0,-0.9963097449741897,0.0,6,10,True,-0.015124477871201124,-0.015124477871201124,0.0,-0.16232148777799454,-0.16232161529383218,1.3895570995685982e-07,-0.1402322955371356,-0.14019439420818405,0.00017512680868517831,0
-0.26780391827708666,0,0,0,0,-0.10877303264298453,0,2510.292473,2510.292473,-0.14019667243965178,-0.07083695706197993,-0.03055635111510901,0.3799447513038712,-0.07097844339532983,0.031108107341026345,-0.037503450882331674,0,-0.01763055510438104,0.0,BFF092D3-CC69-EF11-B2FD-005056A80461,FIXED INCOME FUND (USD),2024-10-07,0.0,False,0.0,0.0,-0.9805251678018813,0.0,0,10,False,-0.015124477871201124,-0.015124477871201124,0.0,-0.16232142327759527,-0.16232155185452843,1.3829280892700744e-07,-0.1402139138721609,-0.1402505564067153,3.9100125953219136e-05,0
-0.26780391827708666,0,0,0,0,-0.10877303264298453,0,2510.579944,2510.579944,-0.14017862267273948,-0.07084152870262382,-0.03055635111510901,0.3799447513038712,-0.07097845991157359,0.031372899546062,-0.037503450882331674,0,-0.01763055510438104,0.0,BFF092D3-CC69-EF11-B2FD-005056A80461,FIXED INCOME FUND (USD),2024-10-08,0.0,False,0.0,0.0,-0.9647405906295727,0.0,1,10,False,-0.015124477871201124,-0.015124477871201124,0.0,-0.1623213627782182,-0.16232148861389092,1.3799882144657274e-07,-0.14019667243965178,-0.14023253375530603,3.9015675677574524e-05,0
-0.26780391827708666,0,0,0,0,-0.10877303264298453,0,2510.880296,2510.880296,-0.14015976413190703,-0.07082891051511636,-0.03055635111510901,0.3799447513038712,-0.07097847397138562,0.03470135035525411,-0.037503450882331674,0,-0.01763055510438104,0.0,BFF092D3-CC69-EF11-B2FD-005056A80461,FIXED INCOME FUND (USD),2024-10-09,0.0,False,0.0,0.0,-0.9489560134572642,0.0,2,10,False,-0.015124477871201124,-0.015124477871201124,0.0,-0.16232129944243365,-0.1623214248207208,1.3809182752963938e-07,-0.14017862267273948,-0.140214353640233,3.904239312273615e-05,0
-0.26780391827708666,0,0,0,0,-0.10877303264298453,0,2511.171798,2511.171798,-0.14014146126603716,-0.07083126299555623,-0.03055635111510901,0.3799447513038712,-0.07097848616351372,0.03470135035525411,-0.037503450882331674,0,-0.01763055510438104,0.0,BFF092D3-CC69-EF11-B2FD-005056A80461,FIXED INCOME FUND (USD),2024-10-10,0.0,False,0.0,0.0,-0.9331714362849558,0.0,3,10,False,-0.015124477871201124,-0.015124477871201124,0.0,-0.1623212332686994,-0.16232136112449175,1.3862409520614422e-07,-0.14015976413190703,-0.14019620115193776,3.919528837057583e-05,0
-0.26780391827708666,0,0,0,0,-0.10877303264298453,0,2511.461565,2511.461565,-0.1401232673375752,-0.07083412403041689,-0.03055635111510901,0.3799447513038712,-0.07097849622425853,0.03421525838465726,-0.037503450882331674,0,-0.01763055510438104,0.0,BFF092D3-CC69-EF11-B2FD-005056A80461,FIXED INCOME FUND (USD),2024-10-11,0.0,False,0.0,0.0,-0.9173868591126473,0.0,4,10,False,-0.015124477871201124,-0.015124477871201124,0.0,-0.1623211690448025,-0.16232129725612937,1.388646297089549e-07,-0.14014146126603716,-0.14017799960817245,3.926437960629437e-05,0
-0.26780391827708666,0,0,0,0,-0.10877303264298453,0,2511.752321,2511.752321,-0.14010501131165137,-0.07083500856118055,-0.03055635111510901,0.3799447513038712,-0.0709785068036956,0.03421525838465726,-0.037503450882331674,0,-0.01763055510438104,0.0,BFF092D3-CC69-EF11-B2FD-005056A80461,FIXED INCOME FUND (USD),2024-10-12,0.0,False,0.0,0.0,-0.9016022819403389,0.0,5,10,True,-0.015124477871201124,-0.015124477871201124,0.0,-0.16232110520316187,-0.16232123345121932,1.3934243132521622e-07,-0.1401232673375752,-0.14015981614738898,3.940161764807848e-05,0
-0.26780391827708666,0,0,0,0,-0.10877303264298453,0,2512.043061,2512.043061,-0.14008675629033762,-0.07083602517521753,-0.03055635111510901,0.3799447513038712,-0.07097851751873531,0.03421525838465726,-0.037503450882331674,0,-0.01763055510438104,0.0,BFF092D3-CC69-EF11-B2FD-005056A80461,FIXED INCOME FUND (USD),2024-10-13,0.0,False,0.0,0.0,-0.8858177047680303,0.0,6,10,True,-0.015124477871201124,-0.015124477871201124,0.0,-0.16232104114362414,-0.16232116970979307,1.4008648384077706e-07,-0.14010501131165137,-0.1401416507785571,3.961531554182292e-05,0
-0.26780391827708666,0,0,0,0,-0.10877303264298453,0,2512.294717,2512.294717,-0.1400709552803502,-0.0707543449806722,-0.03055635111510901,0.3799447513038712,-0.07097852981065737,0.023213589981714633,-0.037503450882331674,0,-0.01763055510438104,0.0,BFF092D3-CC69-EF11-B2FD-005056A80461,FIXED INCOME FUND (USD),2024-10-14,0.0,False,0.0,0.0,-0.8700331275957218,0.0,0,10,False,-0.015124477871201124,-0.015124477871201124,0.0,-0.16232097708761156,-0.16232110669042038,1.3796567054967806e-07,-0.14008675629033762,-0.14012369118437115,3.9006154357539675e-05,0
-0.26780391827708666,0,0,0,0,-0.10877303264298453,0,2512.565064,2512.565064,-0.14005398069739944,-0.07074379106996911,-0.03055635111510901,0.3799447513038712,-0.07097854211154203,0.021194389519643243,-0.037503450882331674,0,-0.01763055510438104,0.0,BFF092D3-CC69-EF11-B2FD-005056A80461,FIXED INCOME FUND (USD),2024-10-15,0.0,False,0.0,0.0,-0.8542485504234134,0.0,1,10,False,-0.015124477871201124,-0.015124477871201124,0.0,-0.16232092164260947,-0.16232104421001486,1.3513059461270094e-07,-0.1400709552803502,-0.140105885187894,3.819159914634533e-05,0
-0.26780391827708666,0,0,0,0,-0.10877303264298453,0,2512.838062,2512.838062,-0.1400368396631124,-0.07075836468388487,-0.03055635111510901,0.3799447513038712,-0.0709785542765777,0.020909769878964823,-0.037503450882331674,0,-0.01763055510438104,0.0,BFF092D3-CC69-EF11-B2FD-005056A80461,FIXED INCOME FUND (USD),2024-10-16,0.0,False,0.0,0.0,-0.8384639732511049,0.0,2,10,False,-0.015124477871201124,-0.015124477871201124,0.0,-0.16232086207959495,-0.16232098259055933,1.3287724016946586e-07,-0.14005398069739944,-0.14008832454949477,3.7543976901541766e-05,0
-0.26780391827708666,0,0,0,0,-0.10877303264298453,0,2513.096538,2513.096538,-0.14002061043806907,-0.07075006064755457,-0.03055635111510901,0.3799447513038712,-0.07097856915175044,0.018779279939414688,-0.037503450882331674,0,-0.01763055510438104,0.0,BFF092D3-CC69-EF11-B2FD-005056A80461,FIXED INCOME FUND (USD),2024-10-17,0.0,False,0.0,0.0,-0.8226793960787965,0.0,3,10,False,-0.015124477871201124,-0.015124477871201124,0.0,-0.16232080193251053,-0.16232092201057635,1.303456161449979e-07,-0.1400368396631124,-0.14007106014549933,3.6816151196244965e-05,0
-0.26780391827708666,0,0,0,0,-0.10877303264298453,0,2513.350019,2513.350019,-0.14000469483974193,-0.07074723763714799,-0.03055635111510901,0.3799447513038712,-0.07097858562456319,0.014481843162519653,-0.037503450882331674,0,-0.01763055510438104,0.0,BFF092D3-CC69-EF11-B2FD-005056A80461,FIXED INCOME FUND (USD),2024-10-18,0.0,False,0.0,0.0,-0.806894818906488,0.0,4,10,False,-0.015124477871201124,-0.015124477871201124,0.0,-0.1623207449849219,-0.16232086257267248,1.2772367034370372e-07,-0.14002061043806907,-0.14005412121723743,3.606208951819197e-05,0
-0.26780391827708666,0,0,0,0,-0.10877303264298453,0,2513.61483,2513.61483,-0.1399880678518864,-0.07077616112542508,-0.03055635111510901,0.3799447513038712,-0.07097860254965119,0.014481843162519653,-0.037503450882331674,0,-0.01763055510438104,0.0,BFF092D3-CC69-EF11-B2FD-005056A80461,FIXED INCOME FUND (USD),2024-10-19,0.0,False,0.0,0.0,-0.7911102417341794,0.0,5,10,True,-0.015124477871201124,-0.015124477871201124,0.0,-0.16232068913783473,-0.1623208039513712,1.2626582076299686e-07,-0.14000469483974193,-0.14003741500869957,3.5642692895753796e-05,0
-0.26780391827708666,0,0,0,0,-0.10877303264298453,0,2513.879626,2513.879626,-0.13997144180585283,-0.07083104284324325,-0.03055635111510901,0.3799447513038712,-0.0709786196018918,0.014481843162519653,-0.037503450882331674,0,-0.01763055510438104,0.0,BFF092D3-CC69-EF11-B2FD-005056A80461,FIXED INCOME FUND (USD),2024-10-20,0.0,False,0.0,0.0,-0.775325664561871,0.0,6,10,True,-0.015124477871201124,-0.015124477871201124,0.0,-0.1623206307945151,-0.162320746146641,1.2641418639587448e-07,-0.1399880678518864,-0.140020941510916,3.568537949138608e-05,0
-0.26780391827708666,0,0,0,0,-0.10877303264298453,0,2514.144408,2514.144408,-0.1399548166388531,-0.07084633992746801,-0.03055635111510901,0.3799447513038712,-0.07097863656983,0.014481843162519653,-0.037503450882331674,0,-0.01763055510438104,0.0,BFF092D3-CC69-EF11-B2FD-005056A80461,FIXED INCOME FUND (USD),2024-10-21,0.0,False,0.0,0.0,-0.7595410873895625,0.0,0,10,False,-0.015124477871201124,-0.015124477871201124,0.0,-0.16232057245450027,-0.1623206879287782,1.2596077145014953e-07,-0.13997144180585283,-0.14000435027641644,3.555492463158712e-05,0
-0.26780391827708666,0,0,0,0,-0.10877303264298453,0,2514.403647,2514.403647,-0.13993853950646556,-0.07085026692331144,-0.03055635111510901,0.3799447513038712,-0.07097865360464772,0.01310799375088539,-0.037503450882331674,0,-0.01763055510438104,0.0,BFF092D3-CC69-EF11-B2FD-005056A80461,FIXED INCOME FUND (USD),2024-10-22,0.0,False,0.0,0.0,-0.7437565102172541,0.0,1,10,False,-0.015124477871201124,-0.015124477871201124,0.0,-0.1623205141175699,-0.16232063006053274,1.2566773929595703e-07,-0.1399548166388531,-0.13998785867771163,3.54706097892623e-05,0
-0.26780391827708666,0,0,0,0,-0.10877303264298453,0,2514.64157,2514.64157,-0.13992360076588625,-0.07081532230937526,-0.03055635111510901,0.3799447513038712,-0.07097867204076341,0.010099340290770161,-0.037503450882331674,0,-0.01763055510438104,0.0,BFF092D3-CC69-EF11-B2FD-005056A80461,FIXED INCOME FUND (USD),2024-10-23,0.0,False,0.0,0.0,-0.7279719330449456,0.0,2,10,False,-0.015124477871201124,-0.015124477871201124,0.0,-0.1623204570018767,-0.16232057329625088,1.2483278579488227e-07,-0.13993853950646556,-0.13997168169239357,3.523034505530789e-05,0
-0.26780391827708666,0,0,0,0,-0.10877303264298453,0,2514.886249,2514.886249,-0.13990823782869138,-0.07080375302920895,-0.03055635111510901,0.3799447513038712,-0.07097869104542927,0.01011788853701662,-0.037503450882331674,0,-0.01763055510438104,0.0,BFF092D3-CC69-EF11-B2FD-005056A80461,FIXED INCOME FUND (USD),2024-10-24,0.0,False,0.0,0.0,-0.712187355872637,0.0,3,10,False,-0.015124477871201124,-0.015124477871201124,0.0,-0.16232040458253746,-0.16232051696622093,1.2340393616759896e-07,-0.13992360076588625,-0.1399556284624825,3.481910785337802e-05,0
-0.26780391827708666,0,0,0,0,-0.10877303264298453,0,2515.135738,2515.135738,-0.13989257288058468,-0.07080134346835955,-0.03055635111510901,0.3799447513038712,-0.07097871087882617,0.008885389553674343,-0.037503450882331674,0,-0.01763055510438104,0.0,BFF092D3-CC69-EF11-B2FD-005056A80461,FIXED INCOME FUND (USD),2024-10-25,0.0,False,0.0,0.0,-0.6964027787003286,0.0,4,10,False,-0.015124477871201124,-0.015124477871201124,0.0,-0.16232035067471223,-0.16232046076183668,1.2149840310733906e-07,-0.13990823782869138,-0.13993961103974575,3.427052631474775e-05,0
-0.26780391827708666,0,0,0,0,-0.10877303264298453,0,2515.387959,2515.387959,-0.13987673639530304,-0.07080998263116349,-0.03055635111510901,0.3799447513038712,-0.0709787307023167,0.008885389553674343,-0.037503450882331674,0,-0.01763055510438104,0.0,BFF092D3-CC69-EF11-B2FD-005056A80461,FIXED INCOME FUND (USD),2024-10-26,0.0,False,0.0,0.0,-0.6806182015280201,0.0,5,10,True,-0.015124477871201124,-0.015124477871201124,0.0,-0.1623202957071449,-0.16232040495371475,1.200925058965684e-07,-0.13989257288058468,-0.13992370654594813,3.386567006445582e-05,0
-0.26780391827708666,0,0,0,0,-0.10877303264298453,0,2515.640166,2515.640166,-0.13986090078905528,-0.07082359685475202,-0.03055635111510901,0.3799447513038712,-0.07097875066918899,0.008885389553674343,-0.037503450882331674,0,-0.01763055510438104,0.0,BFF092D3-CC69-EF11-B2FD-005056A80461,FIXED INCOME FUND (USD),2024-10-27,0.0,False,0.0,0.0,-0.6648336243557117,0.0,6,10,True,-0.015124477871201124,-0.015124477871201124,0.0,-0.1623202401376617,-0.1623203495418237,1.1940953802144174e-07,-0.13987673639530304,-0.1399079149721199,3.366895970646179e-05,0
-0.26780391827708666,0,0,0,0,-0.10877303264298453,0,2515.795348,2515.795348,-0.1398511572012534,-0.07054616743851665,-0.03055635111510901,0.3799447513038712,-0.07097877659233934,-0.014448304224370719,-0.037503450882331674,0,-0.01763055510438104,0.0,BFF092D3-CC69-EF11-B2FD-005056A80461,FIXED INCOME FUND (USD),2024-10-28,0.0,False,0.0,0.0,-0.6490490471834032,0.0,0,10,False,-0.015124477871201124,-0.015124477871201124,0.0,-0.16232018457126293,-0.16232029757952385,1.1491368567604274e-07,-0.13986090078905528,-0.13989310648103423,3.237342387395372e-05,0
-0.26780391827708666,0,0,0,0,-0.10877303264298453,0,2516.002052,2516.002052,-0.13983817864334727,-0.07054832472988175,-0.03055635111510901,0.3799447513038712,-0.0709788044851553,-0.015140345687773078,-0.037503450882331674,0,-0.01763055510438104,0.0,BFF092D3-CC69-EF11-B2FD-005056A80461,FIXED INCOME FUND (USD),2024-10-29,0.0,False,0.0,0.0,-0.6332644700110946,0.0,1,10,False,-0.015124477871201124,-0.015124477871201124,0.0,-0.16232015038147085,-0.1623202472707301,1.1048907972526418e-07,-0.1398511572012534,-0.13987876921487447,3.109726297283946e-05,0
-0.26780391827708666,0,0,0,0,-0.10877303264298453,0,2516.267981,2516.267981,-0.13982148145836085,-0.07052091710831818,-0.03055635111510901,0.3799447513038712,-0.07097883089135362,-0.015255472733440748,-0.037503450882331674,0,-0.01763055510438104,0.0,BFF092D3-CC69-EF11-B2FD-005056A80461,FIXED INCOME FUND (USD),2024-10-30,0.0,False,0.0,0.0,-0.6174798928387862,0.0,2,10,False,-0.015124477871201124,-0.015124477871201124,0.0,-0.16232010484032058,-0.16232019608046513,1.0844812223652805e-07,-0.13983817864334727,-0.13986418074237086,3.0508176381185617e-05,0
-0.26780391827708666,0,0,0,0,-0.10877303264298453,0,2516.496791,2516.496791,-0.13980711490602268,-0.0705247790073826,-0.028902661005578374,0.3799447513038712,-0.0709788578873777,-0.015261229085724132,-0.037503450882331674,1,-0.01763055510438104,0.0,BFF092D3-CC69-EF11-B2FD-005056A80461,FIXED INCOME FUND (USD),2024-10-31,0.0,False,0.0,0.0,-0.6016953156664777,0.0,3,10,False,-0.015124477871201124,-0.015124477871201124,0.0,-0.16232004625068253,-0.16232014538966694,1.070640648725476e-07,-0.13982148145836085,-0.13984973461056102,3.0108527888651818e-05,0
-0.26780391827708666,0,0,0,0,-0.10877303264298453,0,2516.75834,2516.75834,-0.14030680514523108,-0.07051189083278274,-0.03055635111510901,0.3799447513038712,-0.07097888390289274,-0.015191513263625379,-0.037503450882331674,0,-0.01763055510438104,0.0,BFF092D3-CC69-EF11-B2FD-005056A80461,FIXED INCOME FUND (USD),2024-11-01,0.0,False,0.0,0.0,-0.5859107384941693,0.0,4,11,False,-0.015124477871201124,-0.015124477871201124,0.0,-0.16231999583912496,-0.16232009431928782,1.0866247936700732e-07,-0.13980711490602268,-0.13990891064836766,0.00017701453463940444,0
-0.26780391827708666,0,0,0,0,-0.10877303264298453,0,2517.021968,2517.021968,-0.14029025243573495,-0.07049972432666739,-0.03055635111510901,0.3799447513038712,-0.07097890778239982,-0.015191513263625379,-0.037503450882331674,0,-0.01763055510438104,0.0,BFF092D3-CC69-EF11-B2FD-005056A80461,FIXED INCOME FUND (USD),2024-11-02,0.0,False,0.0,0.0,-0.5701261613218608,0.0,5,11,True,-0.015124477871201124,-0.015124477871201124,0.0,-0.16231993821449117,-0.16232004288988056,1.1324280320073997e-07,-0.14030680514523108,-0.13996798436842936,0.000226555114067467,0
-0.26780391827708666,0,0,0,0,-0.10877303264298453,0,2517.28558,2517.28558,-0.1402737007308489,-0.07048866517309543,-0.03055635111510901,0.3799447513038712,-0.0709789301257232,-0.015191513263625379,-0.037503450882331674,0,-0.01763055510438104,0.0,BFF092D3-CC69-EF11-B2FD-005056A80461,FIXED INCOME FUND (USD),2024-11-03,0.0,False,0.0,0.0,-0.5543415841495523,0.0,6,11,True,-0.015124477871201124,-0.015124477871201124,0.0,-0.16231988013181078,-0.16231999110150808,1.203223522381736e-07,-0.14029025243573495,-0.1400269557886856,0.00024685202068288616,0
-0.26780391827708666,0,0,0,0,-0.10877303264298453,0,2517.548339,2517.548339,-0.14025720258423896,-0.07067758362083335,-0.03055635111510901,0.3799447513038712,-0.07097895021460963,-0.015330944907822892,-0.037503450882331674,0,-0.01763055510438104,0.0,BFF092D3-CC69-EF11-B2FD-005056A80461,FIXED INCOME FUND (USD),2024-11-04,0.0,False,0.0,0.0,-0.5385570069772438,0.0,0,11,False,-0.015124477871201124,-0.015124477871201124,0.0,-0.16231982205265555,-0.16231993592721708,1.2361707224499648e-07,-0.1402737007308489,-0.14008496227196926,0.00024636378910418134,0
-0.26780391827708666,0,0,0,0,-0.10877303264298453,0,2517.810985,2517.810985,-0.14024071153268783,-0.07078039477248013,-0.03055635111510901,0.3799447513038712,-0.07097896788209282,-0.015412813029186572,-0.037503450882331674,0,-0.01763055510438104,0.0,BFF092D3-CC69-EF11-B2FD-005056A80461,FIXED INCOME FUND (USD),2024-11-05,0.0,False,0.0,0.0,-0.5227724298049353,0.0,1,11,False,-0.015124477871201124,-0.015124477871201124,0.0,-0.1623197641614338,-0.16231987899218672,1.2462956238264652e-07,-0.14025720258423896,-0.14014246697044647,0.00022523278325652235,0
-0.26780391827708666,0,0,0,0,-0.10877303264298453,0,2518.074065,2518.074065,-0.14022419323108767,-0.07078272563331171,-0.03055635111510901,0.3799447513038712,-0.07097898430954086,-0.015390427214751192,-0.037503450882331674,0,-0.01763055510438104,0.0,BFF092D3-CC69-EF11-B2FD-005056A80461,FIXED INCOME FUND (USD),2024-11-06,0.0,False,0.0,0.0,-0.5069878526326269,0.0,2,11,False,-0.015124477871201124,-0.015124477871201124,0.0,-0.16231970629510825,-0.1623198221468269,1.2636163804877252e-07,-0.14024071153268783,-0.14019999722369317,0.00017552692688037658,0
-0.26780391827708666,0,0,0,0,-0.10877303264298453,0,2518.335834,2518.335834,-0.14020775724472778,-0.0709053664200985,-0.03055635111510901,0.3799447513038712,-0.07097899852807746,-0.015605970628029,-0.037503450882331674,0,-0.01763055510438104,0.0,BFF092D3-CC69-EF11-B2FD-005056A80461,FIXED INCOME FUND (USD),2024-11-07,0.0,False,0.0,0.0,-0.4912032754603184,0.0,3,11,False,-0.015124477871201124,-0.015124477871201124,0.0,-0.16231964833316356,-0.1623197642641032,1.2633805259042903e-07,-0.14022419323108767,-0.1402572318435082,3.566347994700112e-05,0
-0.26780391827708666,0,0,0,0,-0.10877303264298453,0,2518.594943,2518.594943,-0.1401914882747973,-0.0708977139956013,-0.03055635111510901,0.3799447513038712,-0.07097900959714373,-0.015799128226871437,-0.037503450882331674,0,-0.01763055510438104,0.0,BFF092D3-CC69-EF11-B2FD-005056A80461,FIXED INCOME FUND (USD),2024-11-08,0.0,False,0.0,0.0,-0.4754186982880099,0.0,4,11,False,-0.015124477871201124,-0.015124477871201124,0.0,-0.16231959066005922,-0.162319706458177,1.2605341990767684e-07,-0.14020775724472778,-0.14024075800487476,3.5581586715974656e-05,0
-0.26780391827708666,0,0,0,0,-0.10877303264298453,0,2518.856073,2518.856073,-0.14017509241005335,-0.07089822072625894,-0.03055635111510901,0.3799447513038712,-0.07097901784109048,-0.015799128226871437,-0.037503450882331674,0,-0.01763055510438104,0.0,BFF092D3-CC69-EF11-B2FD-005056A80461,FIXED INCOME FUND (USD),2024-11-09,0.0,False,0.0,0.0,-0.4596341211157014,0.0,5,11,True,-0.015124477871201124,-0.015124477871201124,0.0,-0.16231953357300768,-0.16231964873087376,1.2579042346676583e-07,-0.1401914882747973,-0.14022430657263454,3.550591541568955e-05,0
-0.26780391827708666,0,0,0,0,-0.10877303264298453,0,2519.117187,2519.117187,-0.1401586975499195,-0.07089975814991623,-0.03055635111510901,0.3799447513038712,-0.07097902324135184,-0.015799128226871437,-0.037503450882331674,0,-0.01763055510438104,0.0,BFF092D3-CC69-EF11-B2FD-005056A80461,FIXED INCOME FUND (USD),2024-11-10,0.0,False,0.0,0.0,-0.44384954394339293,0.0,6,11,True,-0.015124477871201124,-0.015124477871201124,0.0,-0.1623194760406882,-0.16231959108219352,1.2558936304444913e-07,-0.14017509241005335,-0.14020787754678748,3.544806280756648e-05,0
-0.26780391827708666,0,0,0,0,-0.10877303264298453,0,2519.377797,2519.377797,-0.1401423343350038,-0.07090024341283942,-0.03055635111510901,0.3799447513038712,-0.07097902562623717,-0.01588035675353696,-0.037503450882331674,0,-0.01763055510438104,0.0,BFF092D3-CC69-EF11-B2FD-005056A80461,FIXED INCOME FUND (USD),2024-11-11,0.0,False,0.0,0.0,-0.42806496677108447,0.0,0,11,False,-0.015124477871201124,-0.015124477871201124,0.0,-0.16231941851189383,-0.16231953350115172,1.2540944500877633e-07,-0.1401586975499195,-0.14019146779689676,3.539629215924429e-05,0
-0.26780391827708666,0,0,0,0,-0.10877303264298453,0,2519.637824,2519.637824,-0.14012600772556877,-0.07090083355720361,-0.03055635111510901,0.3799447513038712,-0.07097902490949606,-0.01617840788287661,-0.037503450882331674,0,-0.01763055510438104,0.0,BFF092D3-CC69-EF11-B2FD-005056A80461,FIXED INCOME FUND (USD),2024-11-12,0.0,False,0.0,0.0,-0.412280389598776,0.0,1,11,False,-0.015124477871201124,-0.015124477871201124,0.0,-0.16231936109414105,-0.16231947600254126,1.252498748260033e-07,-0.1401423343350038,-0.14017508153873687,3.5350375339481276e-05,0
-0.26780391827708666,0,0,0,0,-0.10877303264298453,0,2519.92273,2519.92273,-0.1401081190102134,-0.07082008688182242,-0.03055635111510901,0.3799447513038712,-0.07097902210733922,-0.012383692538730413,-0.037503450882331674,0,-0.01763055510438104,0.0,BFF092D3-CC69-EF11-B2FD-005056A80461,FIXED INCOME FUND (USD),2024-11-13,0.0,False,0.0,0.0,-0.39649581242646753,0.0,2,11,False,-0.015124477871201124,-0.015124477871201124,0.0,-0.16231930380483517,-0.16231941781697118,1.264506175570112e-07,-0.14012600772556877,-0.14015849950718343,3.5695867471740426e-05,0
-0.26780391827708666,0,0,0,0,-0.10877303264298453,0,2520.16614,2520.16614,-0.14009283575115727,-0.07079042036791375,-0.03055635111510901,0.3799447513038712,-0.07097901888279733,-0.016938885978981418,-0.037503450882331674,0,-0.01763055510438104,0.0,BFF092D3-CC69-EF11-B2FD-005056A80461,FIXED INCOME FUND (USD),2024-11-14,0.0,False,0.0,0.0,-0.380711235254159,0.0,3,11,False,-0.015124477871201124,-0.015124477871201124,0.0,-0.16231924103417297,-0.16231936020923907,1.2644004355786462e-07,-0.1401081190102134,-0.14014208215095905,3.569282555579313e-05,0
-0.26780391827708666,0,0,0,0,-0.10877303264298453,0,2520.363233,2520.363233,-0.14008046064998164,-0.07063638575517003,-0.03055635111510901,0.3799447513038712,-0.07097901809424517,-0.028784819383487,-0.037503450882331674,0,-0.01763055510438104,0.0,BFF092D3-CC69-EF11-B2FD-005056A80461,FIXED INCOME FUND (USD),2024-11-15,0.0,False,0.0,0.0,-0.36492665808185054,0.0,4,11,False,-0.015124477871201124,-0.015124477871201124,0.0,-0.1623191874059346,-0.16231930455342167,1.231114774289768e-07,-0.14009283575115727,-0.14012622106169967,3.4734929632295104e-05,0
-0.26780391827708666,0,0,0,0,-0.10877303264298453,0,2520.596342,2520.596342,-0.14006582417146674,-0.07063038568160483,-0.03055635111510901,0.3799447513038712,-0.07097901795706917,-0.028784819383487,-0.037503450882331674,0,-0.01763055510438104,0.0,BFF092D3-CC69-EF11-B2FD-005056A80461,FIXED INCOME FUND (USD),2024-11-16,0.0,False,0.0,0.0,-0.3491420809095421,0.0,5,11,True,-0.015124477871201124,-0.015124477871201124,0.0,-0.16231914398228567,-0.16231924977954762,1.1933409149786107e-07,-0.14008046064998164,-0.14011061131333016,3.3647233591195565e-05,0
-0.26780391827708666,0,0,0,0,-0.10877303264298453,0,2520.829435,2520.829435,-0.14005118869756192,-0.07063122873261243,-0.03055635111510901,0.3799447513038712,-0.07097901871098755,-0.028784819383487,-0.037503450882331674,0,-0.01763055510438104,0.0,BFF092D3-CC69-EF11-B2FD-005056A80461,FIXED INCOME FUND (USD),2024-11-17,0.0,False,0.0,0.0,-0.3333575037372336,0.0,6,11,True,-0.015124477871201124,-0.015124477871201124,0.0,-0.16231909262356986,-0.16231919588761695,1.1555638762116795e-07,-0.14006582417146674,-0.1400952529058505,3.25587016611897e-05,0
-0.26780391827708666,0,0,0,0,-0.10877303264298453,0,2521.052055,2521.052055,-0.1400372108037569,-0.07063058611327273,-0.03055635111510901,0.3799447513038712,-0.07097902014225257,-0.030263562325618464,-0.037503450882331674,0,-0.01763055510438104,0.0,BFF092D3-CC69-EF11-B2FD-005056A80461,FIXED INCOME FUND (USD),2024-11-18,0.0,False,0.0,0.0,-0.31757292656492514,0.0,0,11,False,-0.015124477871201124,-0.015124477871201124,0.0,-0.16231904126837915,-0.16231914319139767,1.1170533107006581e-07,-0.14005118869756192,-0.1400802352585295,3.1448187149645574e-05,0
-0.26780391827708666,0,0,0,0,-0.10877303264298453,0,2521.280741,2521.280741,-0.140022852037147,-0.07064506720408385,-0.03055635111510901,0.3799447513038712,-0.0709790216456142,-0.030319207064357843,-0.037503450882331674,0,-0.01763055510438104,0.0,BFF092D3-CC69-EF11-B2FD-005056A80461,FIXED INCOME FUND (USD),2024-11-19,0.0,False,0.0,0.0,-0.3017883493926166,0.0,1,11,False,-0.015124477871201124,-0.015124477871201124,0.0,-0.16231899222060614,-0.16231909148161666,1.0870322439091777e-07,-0.1400372108037569,-0.14006549873161214,3.058182910421669e-05,0
-0.26780391827708666,0,0,0,0,-0.10877303264298453,0,2521.509186,2521.509186,-0.14000850840247678,-0.07076644611149942,-0.03055635111510901,0.3799447513038712,-0.07097902307133455,-0.03032048625375415,-0.037503450882331674,0,-0.01763055510438104,0.0,BFF092D3-CC69-EF11-B2FD-005056A80461,FIXED INCOME FUND (USD),2024-11-20,0.0,False,0.0,0.0,-0.28600377222030815,0.0,2,11,False,-0.015124477871201124,-0.015124477871201124,0.0,-0.16231894183636836,-0.16231904154891025,1.0883474279742221e-07,-0.140022852037147,-0.14005126864479261,3.061979615305165e-05,0
-0.26780391827708666,0,0,0,0,-0.10877303264298453,0,2521.793069,2521.793069,-0.13999068391937983,-0.07065072100844885,-0.03055635111510901,0.3799447513038712,-0.07097902095018593,-0.030377410181889834,-0.037503450882331674,0,-0.01763055510438104,0.0,BFF092D3-CC69-EF11-B2FD-005056A80461,FIXED INCOME FUND (USD),2024-11-21,0.0,False,0.0,0.0,-0.2702191950479997,0.0,3,11,False,-0.015124477871201124,-0.015124477871201124,0.0,-0.16231889150522782,-0.1623189903423415,1.1301549323316863e-07,-0.14000850840247678,-0.14003667552596724,3.182609595149382e-05,0
-0.26780391827708666,0,0,0,0,-0.10877303264298453,0,2522.055474,2522.055474,-0.13997420799976834,-0.07068415876306179,-0.03055635111510901,0.3799447513038712,-0.07097901834635921,-0.030464395060838742,-0.037503450882331674,0,-0.01763055510438104,0.0,BFF092D3-CC69-EF11-B2FD-005056A80461,FIXED INCOME FUND (USD),2024-11-22,0.0,False,0.0,0.0,-0.2544346178756912,0.0,4,11,False,-0.015124477871201124,-0.015124477871201124,0.0,-0.1623188289599536,-0.1623189370801186,1.1634606700552e-07,-0.13999068391937983,-0.1400214965759368,3.278631161842678e-05,0
-0.26780391827708666,0,0,0,0,-0.10877303264298453,0,2522.337694,2522.337694,-0.13995648793333387,-0.07064233595737822,-0.03055635111510901,0.3799447513038712,-0.07097901354758036,-0.030464395060838742,-0.037503450882331674,0,-0.01763055510438104,0.0,BFF092D3-CC69-EF11-B2FD-005056A80461,FIXED INCOME FUND (USD),2024-11-23,0.0,False,0.0,0.0,-0.23865004070338272,0.0,5,11,True,-0.015124477871201124,-0.015124477871201124,0.0,-0.16231877114672533,-0.16231888227215782,1.2112837467030104e-07,-0.13997420799976834,-0.1400058771133464,3.416398684641399e-05,0
-0.26780391827708666,0,0,0,0,-0.10877303264298453,0,2522.619896,2522.619896,-0.1399387689970857,-0.07062610068792391,-0.03055635111510901,0.3799447513038712,-0.07097900637765178,-0.030464395060838742,-0.037503450882331674,0,-0.01763055510438104,0.0,BFF092D3-CC69-EF11-B2FD-005056A80461,FIXED INCOME FUND (USD),2024-11-24,0.0,False,0.0,0.0,-0.22286546353107425,0.0,6,11,True,-0.015124477871201124,-0.015124477871201124,0.0,-0.16231870896784428,-0.16231882591852212,1.2647334396133356e-07,-0.13995648793333387,-0.13998981715613548,3.570240890090949e-05,0
-0.26780391827708666,0,0,0,0,-0.10877303264298453,0,2522.898002,2522.898002,-0.13992130724102364,-0.07065910278167452,-0.03055635111510901,0.3799447513038712,-0.07097899707506494,-0.03094856824734113,-0.037503450882331674,0,-0.01763055510438104,0.0,BFF092D3-CC69-EF11-B2FD-005056A80461,FIXED INCOME FUND (USD),2024-11-25,0.0,False,0.0,0.0,-0.20708088635876576,0.0,0,11,False,-0.015124477871201124,-0.015124477871201124,0.0,-0.162318646792929,-0.16231876781849935,1.3068958243177283e-07,-0.1399387689970857,-0.13997325950431647,3.691506423603342e-05,0
-0.26780391827708666,0,0,0,0,-0.10877303264298453,0,2523.15875,2523.15875,-0.13990493536134585,-0.07071031920308035,-0.03055635111510901,0.3799447513038712,-0.07097898696044852,-0.03332274376688785,-0.037503450882331674,0,-0.01763055510438104,0.0,BFF092D3-CC69-EF11-B2FD-005056A80461,FIXED INCOME FUND (USD),2024-11-26,0.0,False,0.0,0.0,-0.1912963091864573,0.0,1,11,False,-0.015124477871201124,-0.015124477871201124,0.0,-0.16231858552044695,-0.1623187087093453,1.324244323631808e-07,-0.13992130724102364,-0.13995641426491628,3.7413826259296425e-05,0
-0.26780391827708666,0,0,0,0,-0.10877303264298453,0,2523.377085,2523.377085,-0.13989122651468375,-0.07067554512428068,-0.03055635111510901,0.3799447513038712,-0.0709789858779282,-0.0392530658081694,-0.037503450882331674,0,-0.01763055510438104,0.0,BFF092D3-CC69-EF11-B2FD-005056A80461,FIXED INCOME FUND (USD),2024-11-27,0.0,False,0.0,0.0,-0.1755117320141488,0.0,2,11,False,-0.015124477871201124,-0.015124477871201124,0.0,-0.1623185280722899,-0.16231864991839712,1.2905473593345795e-07,-0.13990493536134585,-0.13993965970951727,3.644494500369189e-05,0
-0.26780391827708666,0,0,0,0,-0.10877303264298453,0,2523.626803,2523.626803,-0.13987554718809495,-0.07068153415440287,-0.03055635111510901,0.3799447513038712,-0.07097898834522005,-0.03943535029714322,-0.037503450882331674,0,-0.01763055510438104,0.0,BFF092D3-CC69-EF11-B2FD-005056A80461,FIXED INCOME FUND (USD),2024-11-28,0.0,False,0.0,0.0,-0.15972715484184033,0.0,3,11,False,-0.015124477871201124,-0.015124477871201124,0.0,-0.1623184799685907,-0.16231859220277092,1.2594161174129734e-07,-0.13989122651468375,-0.139923211605048,3.5549422227910764e-05,0
-0.26780391827708666,0,0,0,0,-0.10877303264298453,0,2523.873544,2523.873544,-0.13986005478177324,-0.07067437273909402,-0.03055635111510901,0.3799447513038712,-0.07097899045713447,-0.03952105598669583,-0.037503450882331674,0,-0.01763055510438104,0.0,BFF092D3-CC69-EF11-B2FD-005056A80461,FIXED INCOME FUND (USD),2024-11-29,0.0,False,0.0,0.0,-0.14394257766953186,0.0,4,11,False,-0.015124477871201124,-0.015124477871201124,0.0,-0.16231842495056995,-0.16231853498015925,1.2202371086884978e-07,-0.13987554718809495,-0.13990690400247727,3.442178395719163e-05,0
-0.26780391827708666,0,0,0,0,-0.10877303264298453,0,2524.122598,2524.122598,-0.13984441714650367,-0.07069498881220507,-0.029022182149986118,0.3799447513038712,-0.07097899468538367,-0.03952105598669583,-0.037503450882331674,1,-0.01763055510438104,0.0,BFF092D3-CC69-EF11-B2FD-005056A80461,FIXED INCOME FUND (USD),2024-11-30,0.0,False,0.0,0.0,-0.12815800049722337,0.0,5,11,True,-0.015124477871201124,-0.015124477871201124,0.0,-0.16231837058844364,-0.16231847880142655,1.1905958428039633e-07,-0.13986005478177324,-0.13989089389007298,3.356816532706073e-05,0
-0.26780391827708666,0,0,0,0,-0.10877303264298453,0,2524.373082,2524.373082,-0.14030749989590463,-0.07073209528912754,-0.03055635111510901,0.3799447513038712,-0.07097899863042763,-0.0394909950358826,-0.037503450882331674,0,-0.01763055510438104,0.0,BFF092D3-CC69-EF11-B2FD-005056A80461,FIXED INCOME FUND (USD),2024-12-01,0.0,False,0.0,0.0,-0.11237342332491489,0.0,6,12,True,-0.015124477871201124,-0.015124477871201124,0.0,-0.16231831571671576,-0.16231842362099805,1.1772726243315829e-07,-0.13984441714650367,-0.1399435697327614,0.0001625865194001321,0
-0.26780391827708666,0,0,0,0,-0.10877303264298453,0,2524.695699,2524.695699,-0.1402872433773273,-0.07059046023764377,-0.03055635111510901,0.3799447513038712,-0.07097899715061767,-0.03955431491099982,-0.037503450882331674,0,-0.01763055510438104,0.0,BFF092D3-CC69-EF11-B2FD-005056A80461,FIXED INCOME FUND (USD),2024-12-02,0.0,False,0.0,0.0,-0.09658884615260642,0.0,0,12,False,-0.015124477871201124,-0.015124477871201124,0.0,-0.16231826052992943,-0.16231836703961378,1.2204667642812846e-07,-0.14030749989590463,-0.1399958463236619,0.00020699932346178907,0
-0.26780391827708666,0,0,0,0,-0.10877303264298453,0,2524.939477,2524.939477,-0.1402719370122388,-0.07058746117029423,-0.03055635111510901,0.3799447513038712,-0.07097899592606859,-0.03960228451336135,-0.037503450882331674,0,-0.01763055510438104,0.0,BFF092D3-CC69-EF11-B2FD-005056A80461,FIXED INCOME FUND (USD),2024-12-03,0.0,False,0.0,0.0,-0.08080426898029794,0.0,1,12,False,-0.015124477871201124,-0.015124477871201124,0.0,-0.1623181894507569,-0.16231831099234958,1.2579785189591873e-07,-0.1402872433773273,-0.14004827513093235,0.00022576245846362577,0
-0.26780391827708666,0,0,0,0,-0.10877303264298453,0,2525.15287,2525.15287,-0.14025853846452194,-0.07057766833388084,-0.03055635111510901,0.3799447513038712,-0.0709789969992188,-0.04282903976554702,-0.037503450882331674,0,-0.01763055510438104,0.0,BFF092D3-CC69-EF11-B2FD-005056A80461,FIXED INCOME FUND (USD),2024-12-04,0.0,False,0.0,0.0,-0.06501969180798946,0.0,2,12,False,-0.015124477871201124,-0.015124477871201124,0.0,-0.16231813574144055,-0.16231825510063172,1.2512161782937494e-07,-0.1402719370122388,-0.1401007482666235,0.00022586298121921782,0
-0.26780391827708666,0,0,0,0,-0.10877303264298453,0,2525.418956,2525.418956,-0.1402418314217989,-0.07057512482914488,-0.03055635111510901,0.3799447513038712,-0.07097899654509966,-0.04285206517468055,-0.037503450882331674,0,-0.01763055510438104,0.0,BFF092D3-CC69-EF11-B2FD-005056A80461,FIXED INCOME FUND (USD),2024-12-05,0.0,False,0.0,0.0,-0.04923511463568098,0.0,3,12,False,-0.015124477871201124,-0.015124477871201124,0.0,-0.16231808872656575,-0.16231819869374137,1.2479021328320269e-07,-0.14025853846452194,-0.14015307458572407,0.0002066023325623856,0
-0.26780391827708666,0,0,0,0,-0.10877303264298453,0,2525.663239,2525.663239,-0.14022649334870407,-0.07057383764117334,-0.03055635111510901,0.3799447513038712,-0.07097899603647173,-0.043197446311683575,-0.037503450882331674,0,-0.01763055510438104,0.0,BFF092D3-CC69-EF11-B2FD-005056A80461,FIXED INCOME FUND (USD),2024-12-06,0.0,False,0.0,0.0,-0.033450537463372496,0.0,4,12,False,-0.015124477871201124,-0.015124477871201124,0.0,-0.16231803010233734,-0.162318142364215,1.232502703842966e-07,-0.1402418314217989,-0.14020542295242847,0.0001614798190154107,0
-0.26780391827708666,0,0,0,0,-0.10877303264298453,0,2525.915135,2525.915135,-0.14021067726956518,-0.07057461454544565,-0.03055635111510901,0.3799447513038712,-0.07097899496298837,-0.043197446311683575,-0.037503450882331674,0,-0.01763055510438104,0.0,BFF092D3-CC69-EF11-B2FD-005056A80461,FIXED INCOME FUND (USD),2024-12-07,0.0,False,0.0,0.0,-0.01766596029106402,0.0,5,12,True,-0.015124477871201124,-0.015124477871201124,0.0,-0.16231797628175906,-0.16231808594523844,1.210432583305129e-07,-0.14022649334870407,-0.14025774582715153,3.41394812937611e-05,0
-0.26780391827708666,0,0,0,0,-0.10877303264298453,0,2526.167014,2526.167014,-0.14019486225782446,-0.0705749679515147,-0.03055635111510901,0.3799447513038712,-0.07097899347404436,-0.043197446311683575,-0.037503450882331674,0,-0.01763055510438104,0.0,BFF092D3-CC69-EF11-B2FD-005056A80461,FIXED INCOME FUND (USD),2024-12-08,0.0,False,0.0,0.0,-0.0018813831187555418,0.0,6,12,True,-0.015124477871201124,-0.015124477871201124,0.0,-0.16231792078388005,-0.1623180294823552,1.1818167675347535e-07,-0.14021067726956518,-0.14024165473599723,3.331525809093641e-05,0
-0.26780391827708666,0,0,0,0,-0.10877303264298453,0,2526.418165,2526.418165,-0.1401790929558434,-0.07074939603386382,-0.03055635111510901,0.3799447513038712,-0.07097899144113959,-0.04326332456559341,-0.037503450882331674,0,-0.01763055510438104,0.0,BFF092D3-CC69-EF11-B2FD-005056A80461,FIXED INCOME FUND (USD),2024-12-09,0.0,False,0.0,0.0,0.013903194053552937,0.0,0,12,False,-0.015124477871201124,-0.015124477871201124,0.0,-0.16231786528974648,-0.16231797526881936,1.1960325171882326e-07,-0.14019486225782446,-0.14022620467578525,3.372476865177678e-05,0
-0.26780391827708666,0,0,0,0,-0.10877303264298453,0,2526.670442,2526.670442,-0.14016325295442644,-0.07074819658735884,-0.03055635111510901,0.3799447513038712,-0.07097898874521641,-0.04326844132317864,-0.037503450882331674,0,-0.01763055510438104,0.0,BFF092D3-CC69-EF11-B2FD-005056A80461,FIXED INCOME FUND (USD),2024-12-10,0.0,False,0.0,0.0,0.029687771225861415,0.0,1,12,False,-0.015124477871201124,-0.015124477871201124,0.0,-0.16231780995600628,-0.1623179207877829,1.2117158593144187e-07,-0.1401790929558434,-0.14021067838181206,3.41764346597589e-05,0
-0.26780391827708666,0,0,0,0,-0.10877303264298453,0,2526.917486,2526.917486,-0.14014774152330092,-0.07084390932566384,-0.03055635111510901,0.3799447513038712,-0.07097898573951217,-0.043881812638708086,-0.037503450882331674,0,-0.01763055510438104,0.0,BFF092D3-CC69-EF11-B2FD-005056A80461,FIXED INCOME FUND (USD),2024-12-11,0.0,False,0.0,0.0,0.045472348398169896,0.0,2,12,False,-0.015124477871201124,-0.015124477871201124,0.0,-0.1623177543741851,-0.1623178652476023,1.2046458889199764e-07,-0.14016325295442644,-0.14019485024735193,3.397284178827714e-05,0
-0.26780391827708666,0,0,0,0,-0.10877303264298453,0,2527.168031,2527.168031,-0.14013201027092748,-0.07088287986208942,-0.03055635111510901,0.3799447513038712,-0.07097898216831458,-0.043881812638708086,-0.037503450882331674,0,-0.01763055510438104,0.0,BFF092D3-CC69-EF11-B2FD-005056A80461,FIXED INCOME FUND (USD),2024-12-12,0.0,False,0.0,0.0,0.06125692557047837,0.0,3,12,False,-0.015124477871201124,-0.015124477871201124,0.0,-0.16231769994530165,-0.16231781019656494,1.206235640007832e-07,-0.14014774152330092,-0.14017916151151313,3.401862414906726e-05,0
-0.26780391827708666,0,0,0,0,-0.10877303264298453,0,2527.494304,2527.494304,-0.14011152419894185,-0.07062343207725574,-0.03055635111510901,0.3799447513038712,-0.07097897107374171,-0.04399630008967761,-0.037503450882331674,0,-0.01763055510438104,0.0,BFF092D3-CC69-EF11-B2FD-005056A80461,FIXED INCOME FUND (USD),2024-12-13,0.0,False,0.0,0.0,0.07704150274278686,0.0,4,12,False,-0.015124477871201124,-0.015124477871201124,0.0,-0.16231764474507576,-0.1623177525649438,1.2436143263879333e-07,-0.14013201027092748,-0.1401627373472614,3.5094709416705474e-05,0
-0.26780391827708666,0,0,0,0,-0.10877303264298453,0,2527.795387,2527.795387,-0.14009261975998533,-0.07059194695878424,-0.03055635111510901,0.3799447513038712,-0.0709789573038157,-0.04399630008967761,-0.037503450882331674,0,-0.01763055510438104,0.0,BFF092D3-CC69-EF11-B2FD-005056A80461,FIXED INCOME FUND (USD),2024-12-14,0.0,False,0.0,0.0,0.09282607991509532,0.0,5,12,True,-0.015124477871201124,-0.015124477871201124,0.0,-0.1623175728604111,-0.1623176933851927,1.294324988600859e-07,-0.14011152419894185,-0.14014587198874998,3.655358952965524e-05,0
-0.26780391827708666,0,0,0,0,-0.10877303264298453,0,2528.096449,2528.096449,-0.1400737166395796,-0.07058071319279846,-0.03055635111510901,0.3799447513038712,-0.07097894439739759,-0.04399630008967761,-0.037503450882331674,0,-0.01763055510438104,0.0,BFF092D3-CC69-EF11-B2FD-005056A80461,FIXED INCOME FUND (USD),2024-12-15,0.0,False,0.0,0.0,0.1086106570874038,0.0,6,12,True,-0.015124477871201124,-0.015124477871201124,0.0,-0.16231750652562252,-0.1623176326574376,1.349416368420067e-07,-0.14009261975998533,-0.14012856547185787,3.813731485526913e-05,0
-0.26780391827708666,0,0,0,0,-0.10877303264298453,0,2528.397007,2528.397007,-0.1400548451643921,-0.07058926022437356,-0.03055635111510901,0.3799447513038712,-0.07097893031996817,-0.044034675771566834,-0.037503450882331674,0,-0.01763055510438104,0.0,BFF092D3-CC69-EF11-B2FD-005056A80461,FIXED INCOME FUND (USD),2024-12-16,0.0,False,0.0,0.0,0.12439523425971229,0.0,0,12,False,-0.015124477871201124,-0.015124477871201124,0.0,-0.16231744019546065,-0.16231757037462818,1.3998961848766182e-07,-0.1400737166395796,-0.1401108157873648,3.958751213827372e-05,0
-0.26780391827708666,0,0,0,0,-0.10877303264298453,0,2528.689964,2528.689964,-0.14003645094179107,-0.07061855992483732,-0.03055635111510901,0.3799447513038712,-0.07097891592416664,-0.0446685141174372,-0.037503450882331674,0,-0.01763055510438104,0.0,BFF092D3-CC69-EF11-B2FD-005056A80461,FIXED INCOME FUND (USD),2024-12-17,0.0,False,0.0,0.0,0.14017981143202077,0.0,1,12,False,-0.015124477871201124,-0.015124477871201124,0.0,-0.16231737397634033,-0.16231750681144128,1.4348977284537834e-07,-0.1400548451643921,-0.14009270121413117,4.059256115622912e-05,0
-0.26780391827708666,0,0,0,0,-0.10877303264298453,0,2528.981077,2528.981077,-0.14001817250050433,-0.07068367956239123,-0.03055635111510901,0.3799447513038712,-0.07097890237314387,-0.045120067974333745,-0.037503450882331674,0,-0.01763055510438104,0.0,BFF092D3-CC69-EF11-B2FD-005056A80461,FIXED INCOME FUND (USD),2024-12-18,0.0,False,0.0,0.0,0.15596438860432923,0.0,2,12,False,-0.015124477871201124,-0.015124477871201124,0.0,-0.16231730943187694,-0.16231744186121033,1.4439356474001973e-07,-0.14003645094179107,-0.1400741913537317,4.085201978784622e-05,0
-0.26780391827708666,0,0,0,0,-0.10877303264298453,0,2529.261247,2529.261247,-0.14000058114973912,-0.07076958667549758,-0.03055635111510901,0.3799447513038712,-0.07097889032843774,-0.04621825207106373,-0.037503450882331674,0,-0.01763055510438104,0.0,BFF092D3-CC69-EF11-B2FD-005056A80461,FIXED INCOME FUND (USD),2024-12-19,0.0,False,0.0,0.0,0.17174896577663773,0.0,3,12,False,-0.015124477871201124,-0.015124477871201124,0.0,-0.16231724529368477,-0.16231737597855106,1.415789818949184e-07,-0.14001817250050433,-0.1400554157649905,4.00439361668319e-05,0
-0.26780391827708666,0,0,0,0,-0.10877303264298453,0,2529.567341,2529.567341,-0.13998136207945636,-0.07082499330222859,-0.03055635111510901,0.3799447513038712,-0.07097887822566455,-0.04614022151788897,-0.037503450882331674,0,-0.01763055510438104,0.0,BFF092D3-CC69-EF11-B2FD-005056A80461,FIXED INCOME FUND (USD),2024-12-20,0.0,False,0.0,0.0,0.1875335429489462,0.0,4,12,False,-0.015124477871201124,-0.015124477871201124,0.0,-0.16231718356646097,-0.16231731073101316,1.4096511669324008e-07,-0.14000058114973912,-0.14003682117649255,3.986765997877784e-05,0
-0.26780391827708666,0,0,0,0,-0.10877303264298453,0,2529.865072,2529.865072,-0.1399626681063162,-0.07082729562022871,-0.03055635111510901,0.3799447513038712,-0.07097886302087592,-0.04614022151788897,-0.037503450882331674,0,-0.01763055510438104,0.0,BFF092D3-CC69-EF11-B2FD-005056A80461,FIXED INCOME FUND (USD),2024-12-21,0.0,False,0.0,0.0,0.2033181201212547,0.0,5,12,True,-0.015124477871201124,-0.015124477871201124,0.0,-0.16231711612764582,-0.16231724558897737,1.4076630369940603e-07,-0.13998136207945636,-0.14001825665453982,3.981056694393973e-05,0
-0.26780391827708666,0,0,0,0,-0.10877303264298453,0,2530.162783,2530.162783,-0.1399439753889387,-0.07082997500425152,-0.03055635111510901,0.3799447513038712,-0.0709788463516729,-0.04614022151788897,-0.037503450882331674,0,-0.01763055510438104,0.0,BFF092D3-CC69-EF11-B2FD-005056A80461,FIXED INCOME FUND (USD),2024-12-22,0.0,False,0.0,0.0,0.21910269729356316,0.0,6,12,True,-0.015124477871201124,-0.015124477871201124,0.0,-0.16231705053137188,-0.16231718055241218,1.4103728387096326e-07,-0.1399626681063162,-0.13999972219016255,3.988838455125298e-05,0
-0.26780391827708666,0,0,0,0,-0.10877303264298453,0,2530.488086,2530.488086,-0.13992355022144048,-0.07077017896416157,-0.03055635111510901,0.3799447513038712,-0.07097882503158501,-0.04644019143132309,-0.037503450882331674,0,-0.01763055510438104,0.0,BFF092D3-CC69-EF11-B2FD-005056A80461,FIXED INCOME FUND (USD),2024-12-23,0.0,False,0.0,0.0,0.23488727446587163,0.0,0,12,False,-0.015124477871201124,-0.015124477871201124,0.0,-0.16231698493950433,-0.16231711473701366,1.4321037602796065e-07,-0.1399439753889387,-0.1399809657697409,4.051234938126283e-05,0
-0.26780391827708666,0,0,0,0,-0.10877303264298453,0,2530.804918,2530.804918,-0.1399036569322031,-0.07075793716259794,-0.03055635111510901,0.3799447513038712,-0.07097879992588674,-0.04644019143132309,-0.037503450882331674,0,-0.01763055510438104,0.0,BFF092D3-CC69-EF11-B2FD-005056A80461,FIXED INCOME FUND (USD),2024-12-24,0.0,False,0.0,0.0,0.2506718516381801,0.0,1,12,False,-0.015124477871201124,-0.015124477871201124,0.0,-0.1623169132685507,-0.1623170481701645,1.4589964921400933e-07,-0.13992355022144048,-0.1399619951969426,4.128433183852351e-05,0
-0.26780391827708666,0,0,0,0,-0.10877303264298453,0,2531.121191,2531.121191,-0.13988379874153115,-0.07075860618157799,-0.03055635111510901,0.3799447513038712,-0.07097877158697852,-0.04644019143132309,-0.037503450882331674,0,-0.01763055510438104,0.0,BFF092D3-CC69-EF11-B2FD-005056A80461,FIXED INCOME FUND (USD),2024-12-25,0.0,False,0.0,0.0,0.2664564288104886,0.0,2,12,False,-0.015124477871201124,-0.015124477871201124,0.0,-0.16231684346393285,-0.16231698081142015,1.4854335132452025e-07,-0.1399036569322031,-0.13994279894566072,4.2043033692620854e-05,0
-0.26780391827708666,0,0,0,0,-0.10877303264298453,0,2531.437443,2531.437443,-0.13986394186940992,-0.07080632708607004,-0.03055635111510901,0.3799447513038712,-0.07097874144877712,-0.04644019143132309,-0.037503450882331674,0,-0.01763055510438104,0.0,BFF092D3-CC69-EF11-B2FD-005056A80461,FIXED INCOME FUND (USD),2024-12-26,0.0,False,0.0,0.0,0.28224100598279706,0.0,3,12,False,-0.015124477871201124,-0.015124477871201124,0.0,-0.16231677378247428,-0.16231691231701748,1.500038111143437e-07,-0.13988379874153115,-0.13992327904847085,4.2462082604867026e-05,0
-0.26780391827708666,0,0,0,0,-0.10877303264298453,0,2531.751839,2531.751839,-0.13984420153206054,-0.07080797880856479,-0.03055635111510901,0.3799447513038712,-0.07097871284601397,-0.04657450631793537,-0.037503450882331674,0,-0.01763055510438104,0.0,BFF092D3-CC69-EF11-B2FD-005056A80461,FIXED INCOME FUND (USD),2024-12-27,0.0,False,0.0,0.0,0.2980255831551056,0.0,4,12,False,-0.015124477871201124,-0.015124477871201124,0.0,-0.1623167041056424,-0.16231684356131457,1.513117184245122e-07,-0.13986394186940992,-0.13990368468455716,4.283731276115539e-05,0
-0.26780391827708666,0,0,0,0,-0.10877303264298453,0,2532.067463,2532.067463,-0.13982438409088585,-0.07082960071793916,-0.03055635111510901,0.3799447513038712,-0.07097868395951265,-0.04657450631793537,-0.037503450882331674,0,-0.01763055510438104,0.0,BFF092D3-CC69-EF11-B2FD-005056A80461,FIXED INCOME FUND (USD),2024-12-28,0.0,False,0.0,0.0,0.31381016032741404,0.0,5,12,True,-0.015124477871201124,-0.015124477871201124,0.0,-0.16231663483772557,-0.16231677424244076,1.5183809375782193e-07,-0.13984420153206054,-0.13988392982520997,4.298831435566424e-05,0
-0.26780391827708666,0,0,0,0,-0.10877303264298453,0,2532.383065,2532.383065,-0.13980456803105,-0.07087650514659179,-0.03055635111510901,0.3799447513038712,-0.07097865530597115,-0.04657450631793537,-0.037503450882331674,0,-0.01763055510438104,0.0,BFF092D3-CC69-EF11-B2FD-005056A80461,FIXED INCOME FUND (USD),2024-12-29,0.0,False,0.0,0.0,0.3295947374997225,0.0,6,12,True,-0.015124477871201124,-0.015124477871201124,0.0,-0.16231656529925506,-0.16231670436045895,1.5127264538952847e-07,-0.13982438409088585,-0.13986401448836872,4.282610415966915e-05,0
-0.26780391827708666,0,0,0,0,-0.10877303264298453,0,2532.698692,2532.698692,-0.13978475040151092,-0.07090586442960028,-0.03055635111510901,0.3799447513038712,-0.07097862704123041,-0.046571308344444604,-0.037503450882331674,0,-0.01763055510438104,0.0,BFF092D3-CC69-EF11-B2FD-005056A80461,FIXED INCOME FUND (USD),2024-12-30,0.0,False,0.0,0.0,0.345379314672031,0.0,0,12,False,-0.015124477871201124,-0.015124477871201124,0.0,-0.1623164957656316,-0.16231663478302313,1.5117828817758646e-07,-0.13980456803105,-0.1398441859426645,4.2799035356346595e-05,0
-0.26780391827708666,0,0,0,0,-0.10877303264298453,0,2532.992226,2532.992226,-0.13976631995015812,-0.07082864701258572,-0.028771948754836185,0.3799447513038712,-0.07097860092629,-0.04810057926773022,-0.037503450882331674,1,-0.01763055510438104,0.0,BFF092D3-CC69-EF11-B2FD-005056A80461,FIXED INCOME FUND (USD),2024-12-31,0.0,False,0.0,0.0,0.36116389184433945,0.0,1,12,False,-0.015124477871201124,-0.015124477871201124,0.0,-0.1623164262265001,-0.16231656593887725,1.500325025538962e-07,-0.13978475040151092,-0.13982456637380095,4.247031586883403e-05,0
-0.26780391827708666,0,0,0,0,-0.10877303264298453,0,2533.292706,2533.292706,-0.14030436074048883,-0.07081964909039408,-0.03055635111510901,0.3799447513038712,-0.07097857171481067,-0.04809034575255975,-0.037503450882331674,0,-0.01763055510438104,0.0,BFF092D3-CC69-EF11-B2FD-005056A80461,FIXED INCOME FUND (USD),2025-01-01,0.0,False,0.0,0.0,0.37694846901664797,0.0,2,1,False,-0.015124477871201124,-0.015124477871201124,0.0,-0.16231636155491175,-0.16231649759180616,1.4853564283669846e-07,-0.13976631995015812,-0.1398846466593663,0.0001880820044128329,0
-0.26780391827708666,0,0,0,0,-0.10877303264298453,0,2533.599132,2533.599132,-0.14028512082454642,-0.07082298488286579,-0.03055635111510901,0.3799447513038712,-0.07097854428451716,-0.0481658179269419,-0.037503450882331674,0,-0.01763055510438104,0.0,BFF092D3-CC69-EF11-B2FD-005056A80461,FIXED INCOME FUND (USD),2025-01-02,0.0,False,0.0,0.0,0.39273304618895644,0.0,3,1,False,-0.015124477871201124,-0.015124477871201124,0.0,-0.16231629535297645,-0.16231642955400222,1.4724726760700325e-07,-0.14030436074048883,-0.13994481508152867,0.00024043649119023525,0
-0.26780391827708666,0,0,0,0,-0.10877303264298453,0,2533.890112,2533.890112,-0.14026685073408113,-0.07080501022307274,-0.03055635111510901,0.3799447513038712,-0.07097852203893637,-0.04815046765418621,-0.037503450882331674,0,-0.01763055510438104,0.0,BFF092D3-CC69-EF11-B2FD-005056A80461,FIXED INCOME FUND (USD),2025-01-03,0.0,False,0.0,0.0,0.4085176233612649,0.0,4,1,False,-0.015124477871201124,-0.015124477871201124,0.0,-0.16231622784101485,-0.16231636225320217,1.4543304562369406e-07,-0.14028512082454642,-0.14000519353896018,0.0002629712297639594,0
-0.26780391827708666,0,0,0,0,-0.10877303264298453,0,2534.199867,2534.199867,-0.14024740179644943,-0.07081235089151532,-0.03055635111510901,0.3799447513038712,-0.07097850039610501,-0.04815046765418621,-0.037503450882331674,0,-0.01763055510438104,0.0,BFF092D3-CC69-EF11-B2FD-005056A80461,FIXED INCOME FUND (USD),2025-01-04,0.0,False,0.0,0.0,0.42430220053357337,0.0,5,1,True,-0.015124477871201124,-0.015124477871201124,0.0,-0.1623161637321253,-0.16231629513712523,1.445160352568218e-07,-0.14026685073408113,-0.14006562463975497,0.0002631009197950739,0
-0.26780391827708666,0,0,0,0,-0.10877303264298453,0,2534.5096,2534.5096,-0.1402279542401566,-0.07082115235628074,-0.03055635111510901,0.3799447513038712,-0.07097848104594187,-0.04815046765418621,-0.037503450882331674,0,-0.01763055510438104,0.0,BFF092D3-CC69-EF11-B2FD-005056A80461,FIXED INCOME FUND (USD),2025-01-05,0.0,False,0.0,0.0,0.44008677770588184,0.0,6,1,True,-0.015124477871201124,-0.015124477871201124,0.0,-0.1623160954867164,-0.16231622820577135,1.446054613162159e-07,-0.14024740179644943,-0.14012610838391307,0.00024080591321953056,0
-0.26780391827708666,0,0,0,0,-0.10877303264298453,0,2534.810727,2534.810727,-0.14020904703852233,-0.07083778989584229,-0.03055635111510901,0.3799447513038712,-0.07097846434239864,-0.04811401075639144,-0.037503450882331674,0,-0.01763055510438104,0.0,BFF092D3-CC69-EF11-B2FD-005056A80461,FIXED INCOME FUND (USD),2025-01-06,0.0,False,0.0,0.0,0.45587135487819036,0.0,0,1,False,-0.015124477871201124,-0.015124477871201124,0.0,-0.16231602724615457,-0.1623161617307959,1.4535660231319243e-07,-0.1402279542401566,-0.1401867221892004,0.00018821983671065472,0
-0.26780391827708666,0,0,0,0,-0.10877303264298453,0,2535.134026,2535.134026,-0.1401887476984394,-0.07081152255616441,-0.03055635111510901,0.3799447513038712,-0.07097844898802856,-0.04817413265801789,-0.037503450882331674,0,-0.01763055510438104,0.0,BFF092D3-CC69-EF11-B2FD-005056A80461,FIXED INCOME FUND (USD),2025-01-07,0.0,False,0.0,0.0,0.4716559320504988,0.0,1,1,False,-0.015124477871201124,-0.015124477871201124,0.0,-0.16231596090167186,-0.16231609431898572,1.4665547179879807e-07,-0.14020904703852233,-0.14024706901038345,4.1501264833022457e-05,0
-0.26780391827708666,0,0,0,0,-0.10877303264298453,0,2535.429726,2535.429726,-0.14017018124799405,-0.07080562897522338,-0.03055635111510901,0.3799447513038712,-0.07097843724828833,-0.04830972673402649,-0.037503450882331674,0,-0.01763055510438104,0.0,BFF092D3-CC69-EF11-B2FD-005056A80461,FIXED INCOME FUND (USD),2025-01-08,0.0,False,0.0,0.0,0.4874405092228073,0.0,2,1,False,-0.015124477871201124,-0.015124477871201124,0.0,-0.16231588967224067,-0.1623160270576231,1.4705628095694312e-07,-0.1401887476984394,-0.14022790051145564,4.161629509586655e-05,0
-0.26780391827708666,0,0,0,0,-0.10877303264298453,0,2535.726448,2535.726448,-0.14015155062807844,-0.07080106173604683,-0.03055635111510901,0.3799447513038712,-0.0709784291760125,-0.04846003148809262,-0.037503450882331674,0,-0.01763055510438104,0.0,BFF092D3-CC69-EF11-B2FD-005056A80461,FIXED INCOME FUND (USD),2025-01-09,0.0,False,0.0,0.0,0.5032250863951158,0.0,3,1,False,-0.015124477871201124,-0.015124477871201124,0.0,-0.1623158245234379,-0.16231596010168775,1.4710111342095224e-07,-0.14017018124799405,-0.14020881905481733,4.1629161762525816e-05,0
-0.26780391827708666,0,0,0,0,-0.10877303264298453,0,2536.017084,2536.017084,-0.14013330213673034,-0.07080037766326129,-0.03055635111510901,0.3799447513038712,-0.0709784257698438,-0.048990895087560236,-0.037503450882331674,0,-0.01763055510438104,0.0,BFF092D3-CC69-EF11-B2FD-005056A80461,FIXED INCOME FUND (USD),2025-01-10,0.0,False,0.0,0.0,0.5190096635674243,0.0,4,1,False,-0.015124477871201124,-0.015124477871201124,0.0,-0.16231575914946744,-0.1623158931565796,1.456094981206597e-07,-0.14015155062807844,-0.14018974068376724,4.12010559731975e-05,0
-0.26780391827708666,0,0,0,0,-0.10877303264298453,0,2536.319368,2536.319368,-0.1401143222892281,-0.07080348003344208,-0.03055635111510901,0.3799447513038712,-0.07097842622475077,-0.048990895087560236,-0.037503450882331674,0,-0.01763055510438104,0.0,BFF092D3-CC69-EF11-B2FD-005056A80461,FIXED INCOME FUND (USD),2025-01-11,0.0,False,0.0,0.0,0.5347942407397327,0.0,5,1,True,-0.015124477871201124,-0.015124477871201124,0.0,-0.16231569511636817,-0.16231582644661646,1.444286767467602e-07,-0.14013330213673034,-0.14017072932559274,4.0862105960810705e-05,0
-0.26780391827708666,0,0,0,0,-0.10877303264298453,0,2536.62163,2536.62163,-0.14009534382306474,-0.07080793403305195,-0.03055635111510901,0.3799447513038712,-0.07097842533779898,-0.048990895087560236,-0.037503450882331674,0,-0.01763055510438104,0.0,BFF092D3-CC69-EF11-B2FD-005056A80461,FIXED INCOME FUND (USD),2025-01-12,0.0,False,0.0,0.0,0.5505788179120412,0.0,6,1,True,-0.015124477871201124,-0.015124477871201124,0.0,-0.1623156285169745,-0.16231575997179837,1.4368839898720787e-07,-0.1401143222892281,-0.14015178498029393,4.064959170377246e-05,0
-0.26780391827708666,0,0,0,0,-0.10877303264298453,0,2536.917217,2536.917217,-0.14007678446767824,-0.07080529639946127,-0.03055635111510901,0.3799447513038712,-0.07097842526137772,-0.04898513873527685,-0.037503450882331674,0,-0.01763055510438104,0.0,BFF092D3-CC69-EF11-B2FD-005056A80461,FIXED INCOME FUND (USD),2025-01-13,0.0,False,0.0,0.0,0.5663633950843497,0.0,0,1,False,-0.015124477871201124,-0.015124477871201124,0.0,-0.16231556192242794,-0.1623156936713483,1.4259221942181252e-07,-0.14009534382306474,-0.14013289032731618,4.0334877455192514e-05,0
-0.26780391827708666,0,0,0,0,-0.10877303264298453,0,2537.216601,2537.216601,-0.14005798670575695,-0.07087146585875774,-0.03055635111510901,0.3799447513038712,-0.07097842571529156,-0.048946763053387625,-0.037503450882331674,0,-0.01763055510438104,0.0,BFF092D3-CC69-EF11-B2FD-005056A80461,FIXED INCOME FUND (USD),2025-01-14,0.0,False,0.0,0.0,0.5821479722566582,0.0,1,1,False,-0.015124477871201124,-0.015124477871201124,0.0,-0.16231549679852134,-0.16231562812360784,1.4293628508914188e-07,-0.14007678446767824,-0.1401142101855044,4.0433663291295245e-05,0
-0.26780391827708666,0,0,0,0,-0.10877303264298453,0,2537.421232,2537.421232,-0.1400451383076471,-0.07055363055762658,-0.03055635111510901,0.3799447513038712,-0.07097843303372921,-0.04897810319359716,-0.037503450882331674,0,-0.01763055510438104,0.0,BFF092D3-CC69-EF11-B2FD-005056A80461,FIXED INCOME FUND (USD),2025-01-15,0.0,False,0.0,0.0,0.5979325494289667,0.0,2,1,False,-0.015124477871201124,-0.015124477871201124,0.0,-0.16231543083805744,-0.16231556544220696,1.3859551092319715e-07,-0.14005798670575695,-0.140096346908312,3.918710360332772e-05,0
-0.26780391827708666,0,0,0,0,-0.10877303264298453,0,2537.715595,2537.715595,-0.1400266558049334,-0.07055489522141065,-0.03055635111510901,0.3799447513038712,-0.07097844136254967,-0.04894804224278393,-0.037503450882331674,0,-0.01763055510438104,0.0,BFF092D3-CC69-EF11-B2FD-005056A80461,FIXED INCOME FUND (USD),2025-01-16,0.0,False,0.0,0.0,0.6137171266012751,0.0,3,1,False,-0.015124477871201124,-0.015124477871201124,0.0,-0.1623153857536318,-0.1623155028350541,1.35458102992194e-07,-0.1400451383076471,-0.14007850479071984,3.828573630308807e-05,0
-0.26780391827708666,0,0,0,0,-0.10877303264298453,0,2538.009825,2538.009825,-0.14000818165304116,-0.07055351829598137,-0.03055635111510901,0.3799447513038712,-0.07097845085949918,-0.04898130116708793,-0.037503450882331674,0,-0.01763055510438104,0.0,BFF092D3-CC69-EF11-B2FD-005056A80461,FIXED INCOME FUND (USD),2025-01-17,0.0,False,0.0,0.0,0.6295017037735836,0.0,4,1,False,-0.015124477871201124,-0.015124477871201124,0.0,-0.16231532089939765,-0.1623154401147824,1.3321363858552754e-07,-0.1400266558049334,-0.14006063043590708,3.7640696656761744e-05,0
-0.26780391827708666,0,0,0,0,-0.10877303264298453,0,2538.311737,2538.311737,-0.13998922516272375,-0.07055382817695985,-0.03055635111510901,0.3799447513038712,-0.0709784618435345,-0.04898130116708793,-0.037503450882331674,0,-0.01763055510438104,0.0,BFF092D3-CC69-EF11-B2FD-005056A80461,FIXED INCOME FUND (USD),2025-01-18,0.0,False,0.0,0.0,0.6452862809458921,0.0,5,1,True,-0.015124477871201124,-0.015124477871201124,0.0,-0.16231525607446615,-0.16231537740621918,1.3306169777365008e-07,-0.14000818165304116,-0.14004275941783503,3.7597023786258315e-05,0
-0.26780391827708666,0,0,0,0,-0.10877303264298453,0,2538.613628,2538.613628,-0.1399702699909571,-0.07055413805087386,-0.03055635111510901,0.3799447513038712,-0.07097847252704684,-0.04898130116708793,-0.037503450882331674,0,-0.01763055510438104,0.0,BFF092D3-CC69-EF11-B2FD-005056A80461,FIXED INCOME FUND (USD),2025-01-19,0.0,False,0.0,0.0,0.6610708581182005,0.0,6,1,True,-0.015124477871201124,-0.015124477871201124,0.0,-0.16231518955703175,-0.1623153147093329,1.3501233724972733e-07,-0.13998922516272375,-0.14002489172753396,3.8157642362993574e-05,0
-0.26780391827708666,0,0,0,0,-0.10877303264298453,0,2538.915431,2538.915431,-0.13995132034454605,-0.07055009561431756,-0.03055635111510901,0.3799447513038712,-0.07097848351081706,-0.048985778329975006,-0.037503450882331674,0,-0.01763055510438104,0.0,BFF092D3-CC69-EF11-B2FD-005056A80461,FIXED INCOME FUND (USD),2025-01-20,0.0,False,0.0,0.0,0.6768554352905091,0.0,0,1,False,-0.015124477871201124,-0.015124477871201124,0.0,-0.16231512304422407,-0.16231525181680193,1.3854665015125304e-07,-0.1399702699909571,-0.1400069682813722,3.917307000762644e-05,0
-0.26780391827708666,0,0,0,0,-0.10877303264298453,0,2539.125461,2539.125461,-0.13993813295331498,-0.07045865214797509,-0.03055635111510901,0.3799447513038712,-0.07097850091095954,-0.058020693036094854,-0.037503450882331674,0,-0.01763055510438104,0.0,BFF092D3-CC69-EF11-B2FD-005056A80461,FIXED INCOME FUND (USD),2025-01-21,0.0,False,0.0,0.0,0.6926400124628175,0.0,1,1,False,-0.015124477871201124,-0.015124477871201124,0.0,-0.16231505655080466,-0.16231519173663203,1.3916212731313233e-07,-0.13995132034454605,-0.13998984631673764,3.934985712426066e-05,0
-0.26780391827708666,0,0,0,0,-0.10877303264298453,0,2539.376565,2539.376565,-0.13992236660237606,-0.07055294186613714,-0.03055635111510901,0.3799447513038712,-0.07097851956415474,-0.058209373472050206,-0.037503450882331674,0,-0.01763055510438104,0.0,BFF092D3-CC69-EF11-B2FD-005056A80461,FIXED INCOME FUND (USD),2025-01-22,0.0,False,0.0,0.0,0.708424589635126,0.0,2,1,False,-0.015124477871201124,-0.015124477871201124,0.0,-0.16231501027686804,-0.16231513019375363,1.3423087497569447e-07,-0.13993813295331498,-0.13997230750169892,3.793306581972819e-05,0
-0.26780391827708666,0,0,0,0,-0.10877303264298453,0,2539.62746,2539.62746,-0.13990661337415666,-0.0705455623725251,-0.03055635111510901,0.3799447513038712,-0.07097853976963109,-0.05825670347971359,-0.037503450882331674,0,-0.01763055510438104,0.0,BFF092D3-CC69-EF11-B2FD-005056A80461,FIXED INCOME FUND (USD),2025-01-23,0.0,False,0.0,0.0,0.7242091668074345,0.0,3,1,False,-0.015124477871201124,-0.015124477871201124,0.0,-0.16231495495348294,-0.16231507001900322,1.2879588917016032e-07,-0.13992236660237606,-0.13995515858301655,3.637051768488744e-05,0
-0.26780391827708666,0,0,0,0,-0.10877303264298453,0,2539.880471,2539.880471,-0.13989072728625124,-0.07055224595084353,-0.03055635111510901,0.3799447513038712,-0.0709785611315799,-0.058363515794305265,-0.037503450882331674,0,-0.01763055510438104,0.0,BFF092D3-CC69-EF11-B2FD-005056A80461,FIXED INCOME FUND (USD),2025-01-24,0.0,False,0.0,0.0,0.7399937439797429,0.0,4,1,False,-0.015124477871201124,-0.015124477871201124,0.0,-0.16231489967614485,-0.16231501114159497,1.2366814674772532e-07,-0.13990661337415666,-0.13993837938776083,3.4895185040035734e-05,0
-0.26780391827708666,0,0,0,0,-0.10877303264298453,0,2540.134914,2540.134914,-0.13987475128574176,-0.07058619627393944,-0.03055635111510901,0.3799447513038712,-0.0709785832714925,-0.058363515794305265,-0.037503450882331674,0,-0.01763055510438104,0.0,BFF092D3-CC69-EF11-B2FD-005056A80461,FIXED INCOME FUND (USD),2025-01-25,0.0,False,0.0,0.0,0.7557783211520515,0.0,5,1,True,-0.015124477871201124,-0.015124477871201124,0.0,-0.16231484393260834,-0.16231495375824365,1.2022857416373123e-07,-0.13989072728625124,-0.13992202597676343,3.3904886102983204e-05,0
-0.26780391827708666,0,0,0,0,-0.10877303264298453,0,2540.389339,2540.389339,-0.13985877641541858,-0.07064381846306877,-0.03055635111510901,0.3799447513038712,-0.07097860604747445,-0.058363515794305265,-0.037503450882331674,0,-0.01763055510438104,0.0,BFF092D3-CC69-EF11-B2FD-005056A80461,FIXED INCOME FUND (USD),2025-01-26,0.0,False,0.0,0.0,0.7715628983243599,0.0,6,1,True,-0.015124477871201124,-0.015124477871201124,0.0,-0.1623147878735727,-0.16231489786885492,1.1934794913937783e-07,-0.13987475128574176,-0.13990609832311504,3.3651247771292e-05,0
-0.26780391827708666,0,0,0,0,-0.10877303264298453,0,2540.644044,2540.644044,-0.13984278396441868,-0.0707476049962871,-0.03055635111510901,0.3799447513038712,-0.07097862907561828,-0.058351363495040345,-0.037503450882331674,0,-0.01763055510438104,0.0,BFF092D3-CC69-EF11-B2FD-005056A80461,FIXED INCOME FUND (USD),2025-01-27,0.0,False,0.0,0.0,0.7873474754966684,0.0,0,1,False,-0.015124477871201124,-0.015124477871201124,0.0,-0.1623147318185029,-0.16231484346184616,1.2173810857730282e-07,-0.13985877641541858,-0.139890593125954,3.43395730925032e-05,0
-0.26780391827708666,0,0,0,0,-0.10877303264298453,0,2540.896819,2540.896819,-0.13982691269451225,-0.0708975928069164,-0.03055635111510901,0.3799447513038712,-0.07097865220116958,-0.058351363495040345,-0.037503450882331674,0,-0.01763055510438104,0.0,BFF092D3-CC69-EF11-B2FD-005056A80461,FIXED INCOME FUND (USD),2025-01-28,0.0,False,0.0,0.0,0.8031320526689769,0.0,1,1,False,-0.015124477871201124,-0.015124477871201124,0.0,-0.1623146757017433,-0.16231478770946536,1.2197410302473353e-07,-0.13984278396441868,-0.1398747045175536,3.440752026736941e-05,0
-0.26780391827708666,0,0,0,0,-0.10877303264298453,0,2541.160809,2541.160809,-0.13981033725571257,-0.07087076083245561,-0.03055635111510901,0.3799447513038712,-0.07097867440209855,-0.05837502849887203,-0.037503450882331674,0,-0.01763055510438104,0.0,BFF092D3-CC69-EF11-B2FD-005056A80461,FIXED INCOME FUND (USD),2025-01-29,0.0,False,0.0,0.0,0.8189166298412853,0.0,2,1,False,-0.015124477871201124,-0.015124477871201124,0.0,-0.16231462001020242,-0.1623147315515058,1.2263293484965188e-07,-0.13982691269451225,-0.1398587003251731,3.459719535015252e-05,0
-0.26780391827708666,0,0,0,0,-0.10877303264298453,0,2541.421647,2541.421647,-0.13979395972510297,-0.07086972128842768,-0.03055635111510901,0.3799447513038712,-0.07097869729309363,-0.058377586877664644,-0.037503450882331674,0,-0.01763055510438104,0.0,BFF092D3-CC69-EF11-B2FD-005056A80461,FIXED INCOME FUND (USD),2025-01-30,0.0,False,0.0,0.0,0.8347012070135938,0.0,3,1,False,-0.015124477871201124,-0.015124477871201124,0.0,-0.162314561847766,-0.16231467508059655,1.2332299890001027e-07,-0.13981033725571257,-0.13984260694673686,3.479583975260321e-05,0
-0.26780391827708666,0,0,0,0,-0.10877303264298453,0,2541.682711,2541.682711,-0.13977756800437566,-0.07086925203083598,-0.028807988957652624,0.3799447513038712,-0.07097872019171908,-0.05836415538900342,-0.037503450882331674,1,-0.01763055510438104,0.0,BFF092D3-CC69-EF11-B2FD-005056A80461,FIXED INCOME FUND (USD),2025-01-31,0.0,False,0.0,0.0,0.8504857841859023,0.0,4,1,False,-0.015124477871201124,-0.015124477871201124,0.0,-0.16231450437978012,-0.1623146183562242,1.2402991240572272e-07,-0.13979395972510297,-0.13982644133504035,3.4999311236596006e-05,0
-0.26780391827708666,0,0,0,0,-0.10877303264298453,0,2541.943898,2541.943898,-0.1403068278745346,-0.07086959131608589,-0.03055635111510901,0.3799447513038712,-0.07097874245468322,-0.05834944471094588,-0.037503450882331674,0,-0.01763055510438104,0.0,BFF092D3-CC69-EF11-B2FD-005056A80461,FIXED INCOME FUND (USD),2025-02-01,0.0,False,0.0,0.0,0.8662703613582108,0.0,5,2,True,-0.015124477871201124,-0.015124477871201124,0.0,-0.1623144468620018,-0.16231456141958867,1.24720239100798e-07,-0.13977756800437566,-0.13988816656201075,0.0001866891628712505,0
-0.26780391827708666,0,0,0,0,-0.10877303264298453,0,2542.205066,2542.205066,-0.14029042962384167,-0.07087261610801546,-0.03055635111510901,0.3799447513038712,-0.07097876503448415,-0.05834944471094588,-0.037503450882331674,0,-0.01763055510438104,0.0,BFF092D3-CC69-EF11-B2FD-005056A80461,FIXED INCOME FUND (USD),2025-02-02,0.0,False,0.0,0.0,0.8820549385305193,0.0,6,2,True,-0.015124477871201124,-0.015124477871201124,0.0,-0.16231438931712402,-0.16231450427072144,1.2527906506419844e-07,-0.1403068278745346,-0.1399498313060712,0.0002392526791137111,0
-0.26780391827708666,0,0,0,0,-0.10877303264298453,0,2542.459307,2542.459307,-0.14027446630653467,-0.07087167859191366,-0.03055635111510901,0.3799447513038712,-0.0709787868224321,-0.0584018914761945,-0.037503450882331674,0,-0.01763055510438104,0.0,BFF092D3-CC69-EF11-B2FD-005056A80461,FIXED INCOME FUND (USD),2025-02-03,0.0,False,0.0,0.0,0.8978395157028277,0.0,0,2,False,-0.015124477871201124,-0.015124477871201124,0.0,-0.16231433177643234,-0.16231444713645832,1.2526404163543037e-07,-0.14029042962384167,-0.14001150021208777,0.00026164812221924586,0
-0.26780391827708666,0,0,0,0,-0.10877303264298453,0,2542.7139,2542.7139,-0.1402584808878055,-0.07087621455067299,-0.03055635111510901,0.3799447513038712,-0.07097880752686019,-0.05840508944968526,-0.037503450882331674,0,-0.01763055510438104,0.0,BFF092D3-CC69-EF11-B2FD-005056A80461,FIXED INCOME FUND (USD),2025-02-04,0.0,False,0.0,0.0,0.9136240928751362,0.0,1,2,False,-0.015124477871201124,-0.015124477871201124,0.0,-0.1623142757619015,-0.16231438994497482,1.2457003378540378e-07,-0.14027446630653467,-0.14007315281112967,0.00026174989363850876,0
-0.26780391827708666,0,0,0,0,-0.10877303264298453,0,2542.967794,2542.967794,-0.14024253935798006,-0.07087658751022755,-0.03055635111510901,0.3799447513038712,-0.07097882757701512,-0.058417241748950174,-0.037503450882331674,0,-0.01763055510438104,0.0,BFF092D3-CC69-EF11-B2FD-005056A80461,FIXED INCOME FUND (USD),2025-02-05,0.0,False,0.0,0.0,0.9294086700474447,0.0,2,2,False,-0.015124477871201124,-0.015124477871201124,0.0,-0.16231421966981782,-0.16231433307125656,1.2388548369643558e-07,-0.1402584808878055,-0.14013489596859643,0.00023944808224543335,0
-0.26780391827708666,0,0,0,0,-0.10877303264298453,0,2543.219913,2543.219913,-0.14022670927708786,-0.07087260302682191,-0.03055635111510901,0.3799447513038712,-0.07097884518163712,-0.05851318095367324,-0.037503450882331674,0,-0.01763055510438104,0.0,BFF092D3-CC69-EF11-B2FD-005056A80461,FIXED INCOME FUND (USD),2025-02-06,0.0,False,0.0,0.0,0.9451932472197532,0.0,3,2,False,-0.015124477871201124,-0.015124477871201124,0.0,-0.16231416373173818,-0.16231427647196336,1.2307765678917957e-07,-0.14024253935798006,-0.14019671733316572,0.00018683829827549197,0
-0.26780391827708666,0,0,0,0,-0.10877303264298453,0,2543.46371,2543.46371,-0.14021140171902488,-0.07085363859832149,-0.03055635111510901,0.3799447513038712,-0.0709788626297505,-0.05898776021970333,-0.037503450882331674,0,-0.01763055510438104,0.0,BFF092D3-CC69-EF11-B2FD-005056A80461,FIXED INCOME FUND (USD),2025-02-07,0.0,False,0.0,0.0,0.9609778243920617,0.0,4,2,False,-0.015124477871201124,-0.015124477871201124,0.0,-0.1623141081847277,-0.1623142204161381,1.218909552599303e-07,-0.14022670927708786,-0.14025869357811563,3.438358380517784e-05,0
-0.26780391827708666,0,0,0,0,-0.10877303264298453,0,2543.718522,2543.718522,-0.14019540254969487,-0.07086150023623197,-0.03055635111510901,0.3799447513038712,-0.07097887886554424,-0.05898776021970333,-0.037503450882331674,0,-0.01763055510438104,0.0,BFF092D3-CC69-EF11-B2FD-005056A80461,FIXED INCOME FUND (USD),2025-02-08,0.0,False,0.0,0.0,0.9767624015643701,0.0,5,2,True,-0.015124477871201124,-0.015124477871201124,0.0,-0.1623140544712252,-0.16231416456096204,1.2117489927290086e-07,-0.14021140171902488,-0.14024277567456708,3.417740780281722e-05,0
-0.26780391827708666,0,0,0,0,-0.10877303264298453,0,2543.973315,2543.973315,-0.1401794045733394,-0.0708731195863065,-0.03055635111510901,0.3799447513038712,-0.07097889414164332,-0.05898776021970333,-0.037503450882331674,0,-0.01763055510438104,0.0,BFF092D3-CC69-EF11-B2FD-005056A80461,FIXED INCOME FUND (USD),2025-02-09,0.0,False,0.0,0.0,0.9925469787366786,0.0,6,2,True,-0.015124477871201124,-0.015124477871201124,0.0,-0.1623139983308913,-0.16231410890643505,1.2103985072741066e-07,-0.14019540254969487,-0.14022691495306674,3.413852029682018e-05,0
-0.26780391827708666,0,0,0,0,-0.10877303264298453,0,2544.21803,2544.21803,-0.14016403937577182,-0.07086421482128866,-0.03055635111510901,0.3799447513038712,-0.07097890807942746,-0.05917771984505499,-0.037503450882331674,0,-0.01763055510438104,0.0,BFF092D3-CC69-EF11-B2FD-005056A80461,FIXED INCOME FUND (USD),2025-02-10,0.0,False,0.0,0.0,1.0083315559089872,0.0,0,2,False,-0.015124477871201124,-0.015124477871201124,0.0,-0.16231394219474352,-0.16231405355173292,1.2061688260773785e-07,-0.1401794045733394,-0.14021113967724347,3.4016719224100606e-05,0
-0.26780391827708666,0,0,0,0,-0.10877303264298453,0,2544.46035,2544.46035,-0.14014882455577887,-0.07085663828500906,-0.03055635111510901,0.3799447513038712,-0.07097892056772186,-0.059397740421219876,-0.037503450882331674,0,-0.01763055510438104,0.0,BFF092D3-CC69-EF11-B2FD-005056A80461,FIXED INCOME FUND (USD),2025-02-11,0.0,False,0.0,0.0,1.0241161330812956,0.0,1,2,False,-0.015124477871201124,-0.015124477871201124,0.0,-0.16231388827898674,-0.1623139985833158,1.199703069008862e-07,-0.14016403937577182,-0.14019547448695396,3.383050881108899e-05,0
-0.26780391827708666,0,0,0,0,-0.10877303264298453,0,2544.701934,2544.701934,-0.14013365594785063,-0.07085348204312382,-0.03055635111510901,0.3799447513038712,-0.07097893187133039,-0.059558918285154624,-0.037503450882331674,0,-0.01763055510438104,0.0,BFF092D3-CC69-EF11-B2FD-005056A80461,FIXED INCOME FUND (USD),2025-02-12,0.0,False,0.0,0.0,1.039900710253604,0.0,2,2,False,-0.015124477871201124,-0.015124477871201124,0.0,-0.16231383489089782,-0.1623139440023482,1.1922195066876013e-07,-0.14014882455577887,-0.14017991971407834,3.3614959308895145e-05,0
-0.26780391827708666,0,0,0,0,-0.10877303264298453,0,2544.96807,2544.96807,-0.140116945765721,-0.07082077863802556,-0.03055635111510901,0.3799447513038712,-0.07097893981747452,-0.05956851220562693,-0.037503450882331674,0,-0.01763055510438104,0.0,BFF092D3-CC69-EF11-B2FD-005056A80461,FIXED INCOME FUND (USD),2025-02-13,0.0,False,0.0,0.0,1.0556852874259126,0.0,3,2,False,-0.015124477871201124,-0.015124477871201124,0.0,-0.16231378166496485,-0.16231388898020427,1.1969700210928043e-07,-0.14013365594785063,-0.1401642392124545,3.3751792502381884e-05,0
-0.26780391827708666,0,0,0,0,-0.10877303264298453,0,2545.226784,2545.226784,-0.14010070159710242,-0.07081953603946364,-0.03055635111510901,0.3799447513038712,-0.0709789517716653,-0.05957490815260847,-0.037503450882331674,0,-0.01763055510438104,0.0,BFF092D3-CC69-EF11-B2FD-005056A80461,FIXED INCOME FUND (USD),2025-02-14,0.0,False,0.0,0.0,1.071469864598221,0.0,4,2,False,-0.015124477871201124,-0.015124477871201124,0.0,-0.1623137230297204,-0.16231383348855719,1.2022799414502e-07,-0.140116945765721,-0.14014842490932272,3.390472493229945e-05,0
-0.26780391827708666,0,0,0,0,-0.10877303264298453,0,2545.491767,2545.491767,-0.1400840638096883,-0.07080683229146985,-0.03055635111510901,0.3799447513038712,-0.07097896088861311,-0.05957490815260847,-0.037503450882331674,0,-0.01763055510438104,0.0,BFF092D3-CC69-EF11-B2FD-005056A80461,FIXED INCOME FUND (USD),2025-02-15,0.0,False,0.0,0.0,1.0872544417705294,0.0,5,2,True,-0.015124477871201124,-0.015124477871201124,0.0,-0.1623136660296955,-0.16231377767678423,1.2162420877841612e-07,-0.14010070159710242,-0.14013251937503607,3.4306783927924196e-05,0
-0.26780391827708666,0,0,0,0,-0.10877303264298453,0,2545.756731,2545.756731,-0.14006742721524867,-0.07079768358338383,-0.03055635111510901,0.3799447513038712,-0.0709789670328514,-0.05957490815260847,-0.037503450882331674,0,-0.01763055510438104,0.0,BFF092D3-CC69-EF11-B2FD-005056A80461,FIXED INCOME FUND (USD),2025-02-16,0.0,False,0.0,0.0,1.103039018942838,0.0,6,2,True,-0.015124477871201124,-0.015124477871201124,0.0,-0.1623136076484807,-0.16231372154488546,1.2369451204453577e-07,-0.1400840638096883,-0.14011652260959453,3.490278034390945e-05,0
-0.26780391827708666,0,0,0,0,-0.10877303264298453,0,2546.015104,2546.015104,-0.14005120445738287,-0.07080653123787724,-0.03055635111510901,0.3799447513038712,-0.0709789699515963,-0.05955060355407863,-0.037503450882331674,0,-0.01763055510438104,0.0,BFF092D3-CC69-EF11-B2FD-005056A80461,FIXED INCOME FUND (USD),2025-02-17,0.0,False,0.0,0.0,1.1188235961151465,0.0,0,2,False,-0.015124477871201124,-0.015124477871201124,0.0,-0.16231354927145203,-0.16231366498310967,1.2525904123586407e-07,-0.14006742721524867,-0.14010040333553897,3.535304188257465e-05,0
-0.26780391827708666,0,0,0,0,-0.10877303264298453,0,2546.273724,2546.273724,-0.14003496619084863,-0.07082809974159085,-0.03055635111510901,0.3799447513038712,-0.07097896945105812,-0.059569151800325085,-0.037503450882331674,0,-0.01763055510438104,0.0,BFF092D3-CC69-EF11-B2FD-005056A80461,FIXED INCOME FUND (USD),2025-02-18,0.0,False,0.0,0.0,1.134608173287455,0.0,1,2,False,-0.015124477871201124,-0.015124477871201124,0.0,-0.16231349234655643,-0.16231360790830165,1.2595701469269822e-07,-0.14005120445738287,-0.14008413785483464,3.5553878644141714e-05,0
-0.26780391827708666,0,0,0,0,-0.10877303264298453,0,2546.534203,2546.534203,-0.1400186112011782,-0.07087849932366122,-0.03055635111510901,0.3799447513038712,-0.07097896524989365,-0.05984929427811642,-0.037503450882331674,0,-0.01763055510438104,0.0,BFF092D3-CC69-EF11-B2FD-005056A80461,FIXED INCOME FUND (USD),2025-02-19,0.0,False,0.0,0.0,1.1503927504597633,0.0,2,2,False,-0.015124477871201124,-0.015124477871201124,0.0,-0.16231343536724166,-0.16231355023878538,1.2555676551805338e-07,-0.14003496619084863,-0.1400677028910243,3.543871300107373e-05,0
-0.26780391827708666,0,0,0,0,-0.10877303264298453,0,2546.793609,2546.793609,-0.14000232358317272,-0.07088383050052975,-0.03055635111510901,0.3799447513038712,-0.07097896384610725,-0.06002070565722163,-0.037503450882331674,0,-0.01763055510438104,0.0,BFF092D3-CC69-EF11-B2FD-005056A80461,FIXED INCOME FUND (USD),2025-02-20,0.0,False,0.0,0.0,1.166177327632072,0.0,3,2,False,-0.015124477871201124,-0.015124477871201124,0.0,-0.16231337797835088,-0.16231349278109164,1.253334763778313e-07,-0.1400186112011782,-0.1400513282935174,3.5374461967739504e-05,0
-0.26780391827708666,0,0,0,0,-0.10877303264298453,0,2547.054696,2547.054696,-0.13998593041831836,-0.07088531574484735,-0.03055635111510901,0.3799447513038712,-0.07097896239563893,-0.06003605592997732,-0.037503450882331674,0,-0.01763055510438104,0.0,BFF092D3-CC69-EF11-B2FD-005056A80461,FIXED INCOME FUND (USD),2025-02-21,0.0,False,0.0,0.0,1.1819619048043803,0.0,4,2,False,-0.015124477871201124,-0.015124477871201124,0.0,-0.1623133208258641,-0.1623134352487092,1.24984107205464e-07,-0.14000232358317272,-0.14003493241083395,3.527392698049669e-05,0
-0.26780391827708666,0,0,0,0,-0.10877303264298453,0,2547.323609,2547.323609,-0.13996904587354797,-0.07087428016527231,-0.03055635111510901,0.3799447513038712,-0.07097896042612457,-0.06003605592997732,-0.037503450882331674,0,-0.01763055510438104,0.0,BFF092D3-CC69-EF11-B2FD-005056A80461,FIXED INCOME FUND (USD),2025-02-22,0.0,False,0.0,0.0,1.1977464819766888,0.0,5,2,True,-0.015124477871201124,-0.015124477871201124,0.0,-0.1623132633030184,-0.16231337759263245,1.2528967238223564e-07,-0.13998593041831836,-0.14001850127709964,3.5361857745275695e-05,0
-0.26780391827708666,0,0,0,0,-0.10877303264298453,0,2547.592504,2547.592504,-0.13995216245896397,-0.07086654137120586,-0.03055635111510901,0.3799447513038712,-0.07097895786873168,-0.06003605592997732,-0.037503450882331674,0,-0.01763055510438104,0.0,BFF092D3-CC69-EF11-B2FD-005056A80461,FIXED INCOME FUND (USD),2025-02-23,0.0,False,0.0,0.0,1.2135310591489974,0.0,6,2,True,-0.015124477871201124,-0.015124477871201124,0.0,-0.16231320405594366,-0.16231331981282998,1.2617995651504358e-07,-0.13996904587354797,-0.14000203488334467,3.561802540812643e-05,0
-0.26780391827708666,0,0,0,0,-0.10877303264298453,0,2547.854822,2547.854822,-0.13993569200191994,-0.070869803171012,-0.03055635111510901,0.3799447513038712,-0.07097895514455137,-0.060037974714071775,-0.037503450882331674,0,-0.01763055510438104,0.0,BFF092D3-CC69-EF11-B2FD-005056A80461,FIXED INCOME FUND (USD),2025-02-24,0.0,False,0.0,0.0,1.2293156363213058,0.0,0,2,False,-0.015124477871201124,-0.015124477871201124,0.0,-0.16231314481283465,-0.1623132619088611,1.2680916452247967e-07,-0.13995216245896397,-0.13998553310399284,3.579905086238266e-05,0
-0.26780391827708666,0,0,0,0,-0.10877303264298453,0,2548.116771,2548.116771,-0.13991924471369635,-0.07087357714245518,-0.03055635111510901,0.3799447513038712,-0.07097895231735309,-0.06005460417622378,-0.037503450882331674,0,-0.01763055510438104,0.0,BFF092D3-CC69-EF11-B2FD-005056A80461,FIXED INCOME FUND (USD),2025-02-25,0.0,False,0.0,0.0,1.2451002134936142,0.0,1,2,False,-0.015124477871201124,-0.015124477871201124,0.0,-0.16231308701877428,-0.16231320390011403,1.2711186409945473e-07,-0.13993569200191994,-0.13996900146439964,3.5886132684407354e-05,0
-0.26780391827708666,0,0,0,0,-0.10877303264298453,0,2548.381027,2548.381027,-0.13990265257325374,-0.07087555968974187,-0.03055635111510901,0.3799447513038712,-0.07097894924421531,-0.060044370661053316,-0.037503450882331674,0,-0.01763055510438104,0.0,BFF092D3-CC69-EF11-B2FD-005056A80461,FIXED INCOME FUND (USD),2025-02-26,0.0,False,0.0,0.0,1.2608847906659228,0.0,2,2,False,-0.015124477871201124,-0.015124477871201124,0.0,-0.1623130293060122,-0.16231314577248826,1.2727428824512855e-07,-0.13991924471369635,-0.13995243594612472,3.593285802978356e-05,0
-0.26780391827708666,0,0,0,0,-0.10877303264298453,0,2548.650897,2548.650897,-0.1398857079402416,-0.07087528440836352,-0.03055635111510901,0.3799447513038712,-0.07097894572483052,-0.06006931485428132,-0.037503450882331674,0,-0.01763055510438104,0.0,BFF092D3-CC69-EF11-B2FD-005056A80461,FIXED INCOME FUND (USD),2025-02-27,0.0,False,0.0,0.0,1.2766693678382313,0.0,3,2,False,-0.015124477871201124,-0.015124477871201124,0.0,-0.1623129710849705,-0.1623130873155147,1.2744432971474693e-07,-0.13990265257325374,-0.13993577656856312,3.598177346633655e-05,0
-0.26780391827708666,0,0,0,0,-0.10877303264298453,0,2548.921288,2548.921288,-0.13986873059461305,-0.07087635029450162,-0.029100085544127165,0.3799447513038712,-0.0709789409920898,-0.060069954448979467,-0.037503450882331674,1,-0.01763055510438104,0.0,BFF092D3-CC69-EF11-B2FD-005056A80461,FIXED INCOME FUND (USD),2025-02-28,0.0,False,0.0,0.0,1.2924539450105397,0.0,4,2,False,-0.015124477871201124,-0.015124477871201124,0.0,-0.16231291162704894,-0.16231302856570354,1.275851205421136e-07,-0.1398857079402416,-0.13991903373660522,3.602227355952467e-05,0
-0.26780391827708666,0,0,0,0,-0.10877303264298453,0,2549.194259,2549.194259,-0.1403060879791946,-0.0708695118104901,-0.03055635111510901,0.3799447513038712,-0.0709789351298053,-0.06006803566488501,-0.037503450882331674,0,-0.01763055510438104,0.0,BFF092D3-CC69-EF11-B2FD-005056A80461,FIXED INCOME FUND (USD),2025-03-01,0.0,False,0.0,0.0,1.308238522182848,0.0,5,3,True,-0.015124477871201124,-0.015124477871201124,0.0,-0.16231285205434032,-0.16231296968816938,1.2819867973239725e-07,-0.13986873059461305,-0.13996718260884047,0.0001521332753087713,0
-0.26780391827708666,0,0,0,0,-0.10877303264298453,0,2549.467211,2549.467211,-0.1402889498331616,-0.07086443945020547,-0.03055635111510901,0.3799447513038712,-0.07097892818377782,-0.06006803566488501,-0.037503450882331674,0,-0.01763055510438104,0.0,BFF092D3-CC69-EF11-B2FD-005056A80461,FIXED INCOME FUND (USD),2025-03-02,0.0,False,0.0,0.0,1.3240230993551567,0.0,6,3,True,-0.015124477871201124,-0.015124477871201124,0.0,-0.16231279191320455,-0.16231291068294368,1.292101139625409e-07,-0.1403060879791946,-0.14001529509086869,0.00019406702707833027,0
-0.26780391827708666,0,0,0,0,-0.10877303264298453,0,2549.731971,2549.731971,-0.14027232604750076,-0.07086839110302949,-0.03055635111510901,0.3799447513038712,-0.07097892077035997,-0.06012559918771885,-0.037503450882331674,0,-0.01763055510438104,0.0,BFF092D3-CC69-EF11-B2FD-005056A80461,FIXED INCOME FUND (USD),2025-03-03,0.0,False,0.0,0.0,1.3398076765274651,0.0,0,3,False,-0.015124477871201124,-0.015124477871201124,0.0,-0.16231273177625485,-0.1623128516008576,1.2969488500377896e-07,-0.1402889498331616,-0.1400633856688088,0.00021194000766149604,0
-0.26780391827708666,0,0,0,0,-0.10877303264298453,0,2549.99774,2549.99774,-0.1402556389086154,-0.07087560040483527,-0.03055635111510901,0.3799447513038712,-0.07097891284159863,-0.06014798500215423,-0.037503450882331674,0,-0.01763055510438104,0.0,BFF092D3-CC69-EF11-B2FD-005056A80461,FIXED INCOME FUND (USD),2025-03-04,0.0,False,0.0,0.0,1.3555922536997735,0.0,1,3,False,-0.015124477871201124,-0.015124477871201124,0.0,-0.16231267344417158,-0.16231279239853938,1.2964257669158164e-07,-0.14027232604750076,-0.14011144198236866,0.00021194741071410117,0
-0.26780391827708666,0,0,0,0,-0.10877303264298453,0,2550.263686,2550.263686,-0.14023894065623077,-0.07087855959922547,-0.03055635111510901,0.3799447513038712,-0.0709789049039566,-0.06016333527490992,-0.037503450882331674,0,-0.01763055510438104,0.0,BFF092D3-CC69-EF11-B2FD-005056A80461,FIXED INCOME FUND (USD),2025-03-05,0.0,False,0.0,0.0,1.3713768308720822,0.0,2,3,False,-0.015124477871201124,-0.015124477871201124,0.0,-0.1623126148897848,-0.1623127331430295,1.2915110999475892e-07,-0.1402556389086154,-0.14015948313707968,0.00019409510388261982,0
-0.26780391827708666,0,0,0,0,-0.10877303264298453,0,2550.580855,2550.580855,-0.14021902620739307,-0.07072477496245566,-0.03055635111510901,0.3799447513038712,-0.07097889345495595,-0.0600584417444127,-0.037503450882331674,0,-0.01763055510438104,0.0,BFF092D3-CC69-EF11-B2FD-005056A80461,FIXED INCOME FUND (USD),2025-03-06,0.0,False,0.0,0.0,1.3871614080443906,0.0,3,3,False,-0.015124477871201124,-0.015124477871201124,0.0,-0.16231255629640126,-0.16231267239881328,1.3119194536772936e-07,-0.14023894065623077,-0.14020710003238704,0.00015207366301421787,0
-0.26780391827708666,0,0,0,0,-0.10877303264298453,0,2550.898316,2550.898316,-0.14019909342442108,-0.07066929794052353,-0.03055635111510901,0.3799447513038712,-0.07097887880622514,-0.06001430971024009,-0.037503450882331674,0,-0.01763055510438104,0.0,BFF092D3-CC69-EF11-B2FD-005056A80461,FIXED INCOME FUND (USD),2025-03-07,0.0,False,0.0,0.0,1.402945985216699,0.0,4,3,False,-0.015124477871201124,-0.015124477871201124,0.0,-0.16231248641753543,-0.16231261017309837,1.3502154764816197e-07,-0.14021902620739307,-0.1402542947223596,3.816030205215551e-05,0
-0.26780391827708666,0,0,0,0,-0.10877303264298453,0,2551.223047,2551.223047,-0.140178704171734,-0.07062669947019229,-0.03055635111510901,0.3799447513038712,-0.07097886087040606,-0.06001430971024009,-0.037503450882331674,0,-0.01763055510438104,0.0,BFF092D3-CC69-EF11-B2FD-005056A80461,FIXED INCOME FUND (USD),2025-03-08,0.0,False,0.0,0.0,1.4187305623890076,0.0,5,3,True,-0.015124477871201124,-0.015124477871201124,0.0,-0.16231241647433595,-0.16231254631826994,1.4033744140508483e-07,-0.14019909342442108,-0.14023609703557954,3.968742701276223e-05,0
-0.26780391827708666,0,0,0,0,-0.10877303264298453,0,2551.547757,2551.547757,-0.1401583162375977,-0.07061069385377812,-0.03055635111510901,0.3799447513038712,-0.07097884058372034,-0.06001430971024009,-0.037503450882331674,0,-0.01763055510438104,0.0,BFF092D3-CC69-EF11-B2FD-005056A80461,FIXED INCOME FUND (USD),2025-03-09,0.0,False,0.0,0.0,1.434515139561316,0.0,6,3,True,-0.015124477871201124,-0.015124477871201124,0.0,-0.16231234492940566,-0.16231248083439098,1.4619979515701404e-07,-0.140178704171734,-0.1402174350933561,4.137049851998133e-05,0
-0.26780391827708666,0,0,0,0,-0.10877303264298453,0,2551.86605,2551.86605,-0.14013833121490035,-0.07064112798151331,-0.03055635111510901,0.3799447513038712,-0.07097881801474275,-0.05998680713821948,-0.037503450882331674,0,-0.01763055510438104,0.0,BFF092D3-CC69-EF11-B2FD-005056A80461,FIXED INCOME FUND (USD),2025-03-10,0.0,False,0.0,0.0,1.4502997167336245,0.0,0,3,False,-0.015124477871201124,-0.015124477871201124,0.0,-0.16231227338910215,-0.16231241366559448,1.5089307585761901e-07,-0.1401583162375977,-0.1401982929744132,4.2717230331194186e-05,0
-0.26780391827708666,0,0,0,0,-0.10877303264298453,0,2552.100885,2552.100885,-0.1401235863640707,-0.07055317872323703,-0.03055635111510901,0.3799447513038712,-0.0709787993868498,-0.0599714568654638,-0.037503450882331674,0,-0.01763055510438104,0.0,BFF092D3-CC69-EF11-B2FD-005056A80461,FIXED INCOME FUND (USD),2025-03-11,0.0,False,0.0,0.0,1.4660842939059329,0.0,1,3,False,-0.015124477871201124,-0.015124477871201124,0.0,-0.16231220326259593,-0.16231234747042617,1.4953648667711002e-07,-0.14013833121490035,-0.14017942832519253,4.23280189524242e-05,0
-0.26780391827708666,0,0,0,0,-0.10877303264298453,0,2552.367157,2552.367157,-0.14010686764275523,-0.07055371324568606,-0.03055635111510901,0.3799447513038712,-0.07097878303866695,-0.05996825889197303,-0.037503450882331674,0,-0.01763055510438104,0.0,BFF092D3-CC69-EF11-B2FD-005056A80461,FIXED INCOME FUND (USD),2025-03-12,0.0,False,0.0,0.0,1.4818688710782415,0.0,2,3,False,-0.015124477871201124,-0.015124477871201124,0.0,-0.16231215152360673,-0.16231228126499725,1.4416648259886844e-07,-0.1401235863640707,-0.1401605607518389,4.078685439942084e-05,0
-0.26780391827708666,0,0,0,0,-0.10877303264298453,0,2552.633433,2552.633433,-0.14009014867028724,-0.0705414362175439,-0.03055635111510901,0.3799447513038712,-0.07097876921168342,-0.05997785281244533,-0.037503450882331674,0,-0.01763055510438104,0.0,BFF092D3-CC69-EF11-B2FD-005056A80461,FIXED INCOME FUND (USD),2025-03-13,0.0,False,0.0,0.0,1.49765344825055,0.0,3,3,False,-0.015124477871201124,-0.015124477871201124,0.0,-0.16231209285839868,-0.1623122166613935,1.381097488445157e-07,-0.14010686764275523,-0.14014214967510946,3.904758306974283e-05,0
-0.26780391827708666,0,0,0,0,-0.10877303264298453,0,2552.899544,2552.899544,-0.14007344005786096,-0.07054675806572122,-0.03055635111510901,0.3799447513038712,-0.07097875805895114,-0.059992563490502866,-0.037503450882331674,0,-0.01763055510438104,0.0,BFF092D3-CC69-EF11-B2FD-005056A80461,FIXED INCOME FUND (USD),2025-03-14,0.0,False,0.0,0.0,1.5134380254228583,0.0,4,3,False,-0.015124477871201124,-0.015124477871201124,0.0,-0.16231203419230936,-0.16231215367399882,1.3221028750282607e-07,-0.14009014867028724,-0.14012419919417232,3.735229804843022e-05,0
-0.26780391827708666,0,0,0,0,-0.10877303264298453,0,2553.172612,2553.172612,-0.14005629462840471,-0.07058968547882545,-0.03055635111510901,0.3799447513038712,-0.07097874746382345,-0.059992563490502866,-0.037503450882331674,0,-0.01763055510438104,0.0,BFF092D3-CC69-EF11-B2FD-005056A80461,FIXED INCOME FUND (USD),2025-03-15,0.0,False,0.0,0.0,1.529222602595167,0.0,5,3,True,-0.015124477871201124,-0.015124477871201124,0.0,-0.16231197556257293,-0.16231209231266458,1.282684048320085e-07,-0.14007344005786096,-0.14010671211655384,3.621881947380133e-05,0
-0.26780391827708666,0,0,0,0,-0.10877303264298453,0,2553.445705,2553.445705,-0.1400391476292452,-0.07066418814203204,-0.03055635111510901,0.3799447513038712,-0.07097873797506744,-0.059992563490502866,-0.037503450882331674,0,-0.01763055510438104,0.0,BFF092D3-CC69-EF11-B2FD-005056A80461,FIXED INCOME FUND (USD),2025-03-16,0.0,False,0.0,0.0,1.5450071797674754,0.0,6,3,True,-0.015124477871201124,-0.015124477871201124,0.0,-0.16231191540006606,-0.162312032575943,1.2725035044070196e-07,-0.14005629462840471,-0.14008968802964633,3.5925977591915065e-05,0
-0.26780391827708666,0,0,0,0,-0.10877303264298453,0,2553.731256,2553.731256,-0.1400212184155451,-0.0707556846976024,-0.03055635111510901,0.3799447513038712,-0.07097872836026396,-0.06040446247611388,-0.037503450882331674,0,-0.01763055510438104,0.0,BFF092D3-CC69-EF11-B2FD-005056A80461,FIXED INCOME FUND (USD),2025-03-17,0.0,False,0.0,0.0,1.5607917569397838,0.0,0,3,False,-0.015124477871201124,-0.015124477871201124,0.0,-0.1623118552320512,-0.16231197386975532,1.301411559378754e-07,-0.1400391476292452,-0.14007295762973845,3.6757402454926306e-05,0
-0.26780391827708666,0,0,0,0,-0.10877303264298453,0,2554.01438,2554.01438,-0.14000344158863984,-0.07083107557379323,-0.03055635111510901,0.3799447513038712,-0.07097871888189863,-0.06040510207081203,-0.037503450882331674,0,-0.01763055510438104,0.0,BFF092D3-CC69-EF11-B2FD-005056A80461,FIXED INCOME FUND (USD),2025-03-18,0.0,False,0.0,0.0,1.5765763341120924,0.0,1,3,False,-0.015124477871201124,-0.015124477871201124,0.0,-0.1623117923192822,-0.16231191364370168,1.317638748857306e-07,-0.1400212184155451,-0.14005579409039118,3.722396508674205e-05,0
-0.26780391827708666,0,0,0,0,-0.10877303264298453,0,2554.296656,2554.296656,-0.13998571800606996,-0.07083183011683808,-0.03055635111510901,0.3799447513038712,-0.07097871014556817,-0.06039742693443419,-0.037503450882331674,0,-0.01763055510438104,0.0,BFF092D3-CC69-EF11-B2FD-005056A80461,FIXED INCOME FUND (USD),2025-03-19,0.0,False,0.0,0.0,1.5923609112844008,0.0,2,3,False,-0.015124477871201124,-0.015124477871201124,0.0,-0.16231172994123133,-0.16231185291393221,1.3335377464814844e-07,-0.14000344158863984,-0.14003848699943613,3.7680993267857644e-05,0
-0.26780391827708666,0,0,0,0,-0.10877303264298453,0,2554.57855,2554.57855,-0.1399680184085663,-0.07084112450851558,-0.03055635111510901,0.3799447513038712,-0.07097870226791261,-0.0604070208549065,-0.037503450882331674,0,-0.01763055510438104,0.0,BFF092D3-CC69-EF11-B2FD-005056A80461,FIXED INCOME FUND (USD),2025-03-20,0.0,False,0.0,0.0,1.6081454884567092,0.0,3,3,False,-0.015124477871201124,-0.015124477871201124,0.0,-0.16231166775001232,-0.162311791692596,1.3462546523435376e-07,-0.13998571800606996,-0.14002103981919028,3.804648230795873e-05,0
-0.26780391827708666,0,0,0,0,-0.10877303264298453,0,2554.860845,2554.860845,-0.13995029363302192,-0.07086289331202655,-0.03055635111510901,0.3799447513038712,-0.07097869519557864,-0.060421731532964026,-0.037503450882331674,0,-0.01763055510438104,0.0,BFF092D3-CC69-EF11-B2FD-005056A80461,FIXED INCOME FUND (USD),2025-03-21,0.0,False,0.0,0.0,1.6239300656290176,0.0,4,3,False,-0.015124477871201124,-0.015124477871201124,0.0,-0.1623116056429558,-0.16231172996187854,1.353309261410646e-07,-0.1399680184085663,-0.14000344747278473,3.824920952585324e-05,0
-0.26780391827708666,0,0,0,0,-0.10877303264298453,0,2555.149646,2555.149646,-0.1399321603578949,-0.07086493132430097,-0.03055635111510901,0.3799447513038712,-0.07097868866257138,-0.060421731532964026,-0.037503450882331674,0,-0.01763055510438104,0.0,BFF092D3-CC69-EF11-B2FD-005056A80461,FIXED INCOME FUND (USD),2025-03-22,0.0,False,0.0,0.0,1.6397146428013263,0.0,5,3,True,-0.015124477871201124,-0.015124477871201124,0.0,-0.1623115434475507,-0.16231166773597477,1.3599422936615596e-07,-0.13995029363302192,-0.13998571400556903,3.843980586943767e-05,0
-0.26780391827708666,0,0,0,0,-0.10877303264298453,0,2555.438429,2555.438429,-0.13991402821295423,-0.07088260376329286,-0.03055635111510901,0.3799447513038712,-0.07097868268706917,-0.060421731532964026,-0.037503450882331674,0,-0.01763055510438104,0.0,BFF092D3-CC69-EF11-B2FD-005056A80461,FIXED INCOME FUND (USD),2025-03-23,0.0,False,0.0,0.0,1.6554992199736347,0.0,6,3,True,-0.015124477871201124,-0.015124477871201124,0.0,-0.16231147981873975,-0.1623116050162381,1.3635056697931428e-07,-0.1399321603578949,-0.13996783980324176,3.8542191196311534e-05,0
-0.26780391827708666,0,0,0,0,-0.10877303264298453,0,2555.719906,2555.719906,-0.13989635479810134,-0.07088070249513724,-0.03055635111510901,0.3799447513038712,-0.07097867733630227,-0.060494005733855404,-0.037503450882331674,0,-0.01763055510438104,0.0,BFF092D3-CC69-EF11-B2FD-005056A80461,FIXED INCOME FUND (USD),2025-03-24,0.0,False,0.0,0.0,1.671283797145943,0.0,0,3,False,-0.015124477871201124,-0.015124477871201124,0.0,-0.16231141619389458,-0.16231154242472806,1.36602840000089e-07,-0.13991402821295423,-0.13995000214360692,3.861467340456455e-05,0
-0.26780391827708666,0,0,0,0,-0.10877303264298453,0,2556.000696,2556.000696,-0.13987872451869465,-0.07087838890779924,-0.03055635111510901,0.3799447513038712,-0.07097867271478758,-0.06068716333269784,-0.037503450882331674,0,-0.01763055510438104,0.0,BFF092D3-CC69-EF11-B2FD-005056A80461,FIXED INCOME FUND (USD),2025-03-25,0.0,False,0.0,0.0,1.6870683743182517,0.0,1,3,False,-0.015124477871201124,-0.015124477871201124,0.0,-0.16231135417871176,-0.16231147990667916,1.3662293679029275e-07,-0.13989635479810134,-0.13993218541932903,3.862044771968098e-05,0
-0.26780391827708666,0,0,0,0,-0.10877303264298453,0,2556.279011,2556.279011,-0.13986124963991314,-0.07087271066672686,-0.03055635111510901,0.3799447513038712,-0.07097866951349273,-0.06068140698041446,-0.037503450882331674,0,-0.01763055510438104,0.0,BFF092D3-CC69-EF11-B2FD-005056A80461,FIXED INCOME FUND (USD),2025-03-26,0.0,False,0.0,0.0,1.7028529514905602,0.0,2,3,False,-0.015124477871201124,-0.015124477871201124,0.0,-0.16231129231488917,-0.16231141751330028,1.3626912861766347e-07,-0.13987872451869465,-0.1399144042241638,3.8518793118556785e-05,0
-0.26780391827708666,0,0,0,0,-0.10877303264298453,0,2556.557134,2556.557134,-0.13984378681645285,-0.07086833275036122,-0.03055635111510901,0.3799447513038712,-0.07097866784696044,-0.06068588414330153,-0.037503450882331674,0,-0.01763055510438104,0.0,BFF092D3-CC69-EF11-B2FD-005056A80461,FIXED INCOME FUND (USD),2025-03-27,0.0,False,0.0,0.0,1.7186375286628686,0.0,3,3,False,-0.015124477871201124,-0.015124477871201124,0.0,-0.1623112309963601,-0.16231135523861123,1.3557124771146952e-07,-0.13986124963991314,-0.13989665685386185,3.831826799736902e-05,0
-0.26780391827708666,0,0,0,0,-0.10877303264298453,0,2556.835573,2556.835573,-0.13982630415194305,-0.07086548170724759,-0.03055635111510901,0.3799447513038712,-0.07097866760614321,-0.06068012779101814,-0.037503450882331674,0,-0.01763055510438104,0.0,BFF092D3-CC69-EF11-B2FD-005056A80461,FIXED INCOME FUND (USD),2025-03-28,0.0,False,0.0,0.0,1.7344221058351772,0.0,4,3,False,-0.015124477871201124,-0.015124477871201124,0.0,-0.16231116972013254,-0.1623112930852874,1.3463253644243987e-07,-0.13984378681645285,-0.1398789440708506,3.804851680926499e-05,0
-0.26780391827708666,0,0,0,0,-0.10877303264298453,0,2557.119883,2557.119883,-0.139808452858314,-0.07087384942215805,-0.03055635111510901,0.3799447513038712,-0.07097866805941447,-0.06068012779101814,-0.037503450882331674,0,-0.01763055510438104,0.0,BFF092D3-CC69-EF11-B2FD-005056A80461,FIXED INCOME FUND (USD),2025-03-29,0.0,False,0.0,0.0,1.7502066830074856,0.0,5,3,True,-0.015124477871201124,-0.015124477871201124,0.0,-0.1623111083742837,-0.16231123107331497,1.3425717871053856e-07,-0.13982630415194305,-0.13986127157091047,3.794064409769562e-05,0
-0.26780391827708666,0,0,0,0,-0.10877303264298453,0,2557.404053,2557.404053,-0.1397906103550233,-0.07088648877991101,-0.03055635111510901,0.3799447513038712,-0.07097866924856364,-0.06068012779101814,-0.037503450882331674,0,-0.01763055510438104,0.0,BFF092D3-CC69-EF11-B2FD-005056A80461,FIXED INCOME FUND (USD),2025-03-30,0.0,False,0.0,0.0,1.765991260179794,0.0,6,3,True,-0.015124477871201124,-0.015124477871201124,0.0,-0.1623110457349326,-0.16231116920653377,1.3451485592712805e-07,-0.139808452858314,-0.1398436404483489,3.8014698075357636e-05,0
-0.26780391827708666,0,0,0,0,-0.10877303264298453,0,2557.682352,2557.682352,-0.1397731364808519,-0.07088513979331028,-0.0287937897900905,0.3799447513038712,-0.0709786714503909,-0.06068012779101814,-0.037503450882331674,1,-0.01763055510438104,0.0,BFF092D3-CC69-EF11-B2FD-005056A80461,FIXED INCOME FUND (USD),2025-03-31,0.0,False,0.0,0.0,1.7817758373521024,0.0,0,3,False,-0.015124477871201124,-0.015124477871201124,0.0,-0.16231098312642636,-0.16231110743977814,1.346905013338897e-07,-0.1397906103550233,-0.139826037831599,3.806517561208158e-05,0
-0.26780391827708666,0,0,0,0,-0.10877303264298453,0,2557.961724,2557.961724,-0.1403056860723657,-0.07088499746372201,-0.03055635111510901,0.3799447513038712,-0.07097867462229446,-0.060677569412225525,-0.037503450882331674,0,-0.01763055510438104,0.0,BFF092D3-CC69-EF11-B2FD-005056A80461,FIXED INCOME FUND (USD),2025-04-01,0.0,False,0.0,0.0,1.797560414524411,0.0,1,4,False,-0.015124477871201124,-0.015124477871201124,0.0,-0.16231092181142243,-0.16231104571765317,1.3484612782999136e-07,-0.1397731364808519,-0.13988703233926628,0.00018705524303501612,0
-0.26780391827708666,0,0,0,0,-0.10877303264298453,0,2558.240745,2558.240745,-0.14028816686516346,-0.07088565168606119,-0.03055635111510901,0.3799447513038712,-0.07097867942338225,-0.060793336052591365,-0.037503450882331674,0,-0.01763055510438104,0.0,BFF092D3-CC69-EF11-B2FD-005056A80461,FIXED INCOME FUND (USD),2025-04-02,0.0,False,0.0,0.0,1.8133449916967195,0.0,2,4,False,-0.015124477871201124,-0.015124477871201124,0.0,-0.16231086026001446,-0.16231098397330732,1.3482172793672172e-07,-0.1403056860723657,-0.13994802051430202,0.00023949434283624673,0
-0.26780391827708666,0,0,0,0,-0.10877303264298453,0,2558.519847,2558.519847,-0.14027064257212252,-0.07088669439598212,-0.03055635111510901,0.3799447513038712,-0.0709786858542825,-0.060862412279991965,-0.037503450882331674,0,-0.01763055510438104,0.0,BFF092D3-CC69-EF11-B2FD-005056A80461,FIXED INCOME FUND (USD),2025-04-03,0.0,False,0.0,0.0,1.8291295688690279,0.0,3,4,False,-0.015124477871201124,-0.015124477871201124,0.0,-0.16231079878593904,-0.16231092219814805,1.3459630073329559e-07,-0.14028816686516346,-0.14000899990796914,0.0002618320596505001,0
-0.26780391827708666,0,0,0,0,-0.10877303264298453,0,2558.798765,2558.798765,-0.14025312983209778,-0.07088723139289975,-0.03055635111510901,0.3799447513038712,-0.07097869399317248,-0.06102934649621009,-0.037503450882331674,0,-0.01763055510438104,0.0,BFF092D3-CC69-EF11-B2FD-005056A80461,FIXED INCOME FUND (USD),2025-04-04,0.0,False,0.0,0.0,1.8449141460413365,0.0,4,4,False,-0.015124477871201124,-0.015124477871201124,0.0,-0.16231073729401763,-0.16231086040791257,1.3416422531904097e-07,-0.14027064257212252,-0.1400699750051341,0.00026189441512140864,0
-0.26780391827708666,0,0,0,0,-0.10877303264298453,0,2559.081159,2559.081159,-0.14023539884052844,-0.07089132251397484,-0.03055635111510901,0.3799447513038712,-0.07097869987144867,-0.06102934649621009,-0.037503450882331674,0,-0.01763055510438104,0.0,BFF092D3-CC69-EF11-B2FD-005056A80461,FIXED INCOME FUND (USD),2025-04-05,0.0,False,0.0,0.0,1.860698723213645,0.0,5,4,True,-0.015124477871201124,-0.015124477871201124,0.0,-0.16231067584263523,-0.16231079867798195,1.3409054104187462e-07,-0.14025312983209778,-0.1401309672883076,0.00023960485172587435,0
-0.26780391827708666,0,0,0,0,-0.10877303264298453,0,2559.363535,2559.363535,-0.14021766897914542,-0.07089631752171119,-0.03055635111510901,0.3799447513038712,-0.0709787033098466,-0.06102934649621009,-0.037503450882331674,0,-0.01763055510438104,0.0,BFF092D3-CC69-EF11-B2FD-005056A80461,FIXED INCOME FUND (USD),2025-04-06,0.0,False,0.0,0.0,1.8764833003859533,0.0,6,4,True,-0.015124477871201124,-0.015124477871201124,0.0,-0.16231061362541838,-0.16231073700451634,1.34397096587182e-07,-0.14023539884052844,-0.14019197566318217,0.00018711988062453263,0
-0.26780391827708666,0,0,0,0,-0.10877303264298453,0,2559.64267,2559.64267,-0.14020014261409622,-0.07089740061101656,-0.03055635111510901,0.3799447513038712,-0.07097870384613478,-0.06108818920844024,-0.037503450882331674,0,-0.01763055510438104,0.0,BFF092D3-CC69-EF11-B2FD-005056A80461,FIXED INCOME FUND (USD),2025-04-07,0.0,False,0.0,0.0,1.892267877558262,0.0,0,4,False,-0.015124477871201124,-0.015124477871201124,0.0,-0.16231055141216733,-0.16231067530473822,1.3455362900650135e-07,-0.14021766897914542,-0.14025297653935995,3.802584323231334e-05,0
-0.26780391827708666,0,0,0,0,-0.10877303264298453,0,2559.923868,2559.923868,-0.14018248671713196,-0.07089719167367906,-0.03055635111510901,0.3799447513038712,-0.07097870115899352,-0.06099225000371718,-0.037503450882331674,0,-0.01763055510438104,0.0,BFF092D3-CC69-EF11-B2FD-005056A80461,FIXED INCOME FUND (USD),2025-04-08,0.0,False,0.0,0.0,1.9080524547305704,0.0,1,4,False,-0.015124477871201124,-0.015124477871201124,0.0,-0.16231048991297536,-0.16231061354748785,1.347229857798729e-07,-0.14020014261409622,-0.1402353766314694,3.80745133143756e-05,0
-0.26780391827708666,0,0,0,0,-0.10877303264298453,0,2560.203826,2560.203826,-0.1401649086774506,-0.07089807809069368,-0.03055635111510901,0.3799447513038712,-0.07097869562925475,-0.06101655460224702,-0.037503450882331674,0,-0.01763055510438104,0.0,BFF092D3-CC69-EF11-B2FD-005056A80461,FIXED INCOME FUND (USD),2025-04-09,0.0,False,0.0,0.0,1.9238370319028788,0.0,2,4,False,-0.015124477871201124,-0.015124477871201124,0.0,-0.16231042795926195,-0.162310551760746,1.3478812524029703e-07,-0.14018248671713196,-0.14021776831893898,3.809323313382967e-05,0
-0.26780391827708666,0,0,0,0,-0.10877303264298453,0,2560.565103,2560.565103,-0.14014222476971458,-0.07060392731711256,-0.03055635111510901,0.3799447513038712,-0.07097868749076341,-0.05684000122330304,-0.037503450882331674,0,-0.01763055510438104,0.0,BFF092D3-CC69-EF11-B2FD-005056A80461,FIXED INCOME FUND (USD),2025-04-10,0.0,False,0.0,0.0,1.9396216090751872,0.0,3,4,False,-0.015124477871201124,-0.015124477871201124,0.0,-0.16231036627874612,-0.16231048738759762,1.389507542588642e-07,-0.1401649086774506,-0.140199422918595,3.928916654452909e-05,0
-0.26780391827708666,0,0,0,0,-0.10877303264298453,0,2560.895408,2560.895408,-0.14012148553598328,-0.0705798774589647,-0.03055635111510901,0.3799447513038712,-0.0709786771832269,-0.0568668642006255,-0.037503450882331674,0,-0.01763055510438104,0.0,BFF092D3-CC69-EF11-B2FD-005056A80461,FIXED INCOME FUND (USD),2025-04-11,0.0,False,0.0,0.0,1.9554061862474958,0.0,4,4,False,-0.015124477871201124,-0.015124477871201124,0.0,-0.16231028668197903,-0.16231042139707572,1.4412718925436574e-07,-0.14014222476971458,-0.14018061659057865,4.077558273148179e-05,0
-0.26780391827708666,0,0,0,0,-0.10877303264298453,0,2561.228941,2561.228941,-0.1401005436221639,-0.07056749304759727,-0.03055635111510901,0.3799447513038712,-0.07097866477371087,-0.0568668642006255,-0.037503450882331674,0,-0.01763055510438104,0.0,BFF092D3-CC69-EF11-B2FD-005056A80461,FIXED INCOME FUND (USD),2025-04-12,0.0,False,0.0,0.0,1.9711907634198043,0.0,5,4,True,-0.015124477871201124,-0.015124477871201124,0.0,-0.16231021390898173,-0.16231035379698586,1.4980051349898217e-07,-0.14012148553598328,-0.14016135155938372,4.240378177897458e-05,0
-0.26780391827708666,0,0,0,0,-0.10877303264298453,0,2561.562453,2561.562453,-0.1400796030268953,-0.07057398908552863,-0.03055635111510901,0.3799447513038712,-0.0709786505883044,-0.0568668642006255,-0.037503450882331674,0,-0.01763055510438104,0.0,BFF092D3-CC69-EF11-B2FD-005056A80461,FIXED INCOME FUND (USD),2025-04-13,0.0,False,0.0,0.0,1.9869753405921127,0.0,6,4,True,-0.015124477871201124,-0.015124477871201124,0.0,-0.1623101404247895,-0.16231028458742255,1.5510404512305683e-07,-0.1401005436221639,-0.1401416278519194,4.3925092671478554e-05,0
-0.26780391827708666,0,0,0,0,-0.10877303264298453,0,2561.891244,2561.891244,-0.14005895885439487,-0.07061040068297603,-0.03055635111510901,0.3799447513038712,-0.07097863477954819,-0.05688797082566457,-0.037503450882331674,0,-0.01763055510438104,0.0,BFF092D3-CC69-EF11-B2FD-005056A80461,FIXED INCOME FUND (USD),2025-04-14,0.0,False,0.0,0.0,2.002759917764421,0.0,0,4,False,-0.015124477871201124,-0.015124477871201124,0.0,-0.16231006694522399,-0.16231021381496777,1.587824371669314e-07,-0.1400796030268953,-0.14012145874339063,4.497984323408085e-05,0
-0.26780391827708666,0,0,0,0,-0.10877303264298453,0,2562.209379,2562.209379,-0.14003898375222232,-0.07066618394230594,-0.03055635111510901,0.3799447513038712,-0.07097861836871286,-0.05785120044108411,-0.037503450882331674,0,-0.01763055510438104,0.0,BFF092D3-CC69-EF11-B2FD-005056A80461,FIXED INCOME FUND (USD),2025-04-15,0.0,False,0.0,0.0,2.0185444949367297,0.0,1,4,False,-0.015124477871201124,-0.015124477871201124,0.0,-0.16230999450579206,-0.16231014187994416,1.5965782384392702e-07,-0.14005895885439487,-0.1401009583198321,4.5230809578326665e-05,0
4.738920999518925,1,0,1,1,-0.10877303264298453,0,5062.837839,5062.837839,-0.13999952392318316,-0.0697765660950758,-0.03055635111510901,-0.8220216193228418,-0.07043565649360915,-0.040226528938759415,-0.03736461723018442,0,-0.013680200236634845,0.0,BFF092D3-CC69-EF11-B2FD-005056A80461,FIXED INCOME FUND (USD),2025-04-16,0.3289772804324629,False,2500.0,0.0,2.0343290721090383,2500.0,2,4,False,-0.015124477871201124,-0.014428922558348508,0.0018402663809025986,-0.1623099244140965,-0.16223137304580518,0.00020830383330642786,-0.14003898375222232,-0.14007733192636534,4.927271069721179e-05,1
-0.26780391827708666,0,0,0,0,-0.10877303264298453,0,5063.46508,5063.46508,-0.13996014063287615,-0.06943112594031442,-0.03055635111510901,-0.8220216193228418,-0.07022288367749115,-0.040271300567630175,-0.03736461723018442,0,-0.01763055510438104,0.0,BFF092D3-CC69-EF11-B2FD-005056A80461,FIXED INCOME FUND (USD),2025-04-17,0.0,False,0.0,0.0,2.0501136492813465,0.0,3,4,False,-0.01025559068123281,-0.014428922558348508,0.0018402663809025986,-0.16175898443977346,-0.16215259584061634,0.0002689349984355474,-0.13999952392318316,-0.140051319906817,5.6793694106073145e-05,0
-0.26780391827708666,0,0,0,0,-0.10877303264298453,0,5064.101826,5064.101826,-0.13992016054138048,-0.06927147668654782,-0.03055635111510901,-0.8220216193228418,-0.07006903982998021,-0.040271300567630175,-0.03736461723018442,0,-0.01763055510438104,0.0,BFF092D3-CC69-EF11-B2FD-005056A80461,FIXED INCOME FUND (USD),2025-04-18,0.0,False,0.0,0.0,2.065898226453655,0.0,4,4,False,-0.015124477871201124,-0.014428922558348507,0.0018402663809025986,-0.1617588462456571,-0.16207380899038945,0.0002946213418803884,-0.13996014063287615,-0.1400225591933023,6.562831613627294e-05,0
-0.26780391827708666,0,0,0,0,-0.10877303264298453,0,5064.738532,5064.738532,-0.13988018296141008,-0.06925441505515759,-0.03055635111510901,-0.8220216193228418,-0.06994748687711456,-0.040271300567630175,-0.03736461723018442,0,-0.01763055510438104,0.0,BFF092D3-CC69-EF11-B2FD-005056A80461,FIXED INCOME FUND (USD),2025-04-19,0.0,False,0.0,0.0,2.081682803625964,0.0,5,4,True,-0.015124477871201124,-0.014428922558348508,0.0018402663809025986,-0.16175870595739333,-0.1619950125979827,0.000294639358512781,-0.13992016054138048,-0.1399910790989089,7.42685455344596e-05,0
-0.26780391827708666,0,0,0,0,-0.10877303264298453,0,5065.375199,5065.375199,-0.1398402078301768,-0.06937816196138143,-0.03055635111510901,-0.8220216193228418,-0.06984779558661375,-0.040271300567630175,-0.03736461723018442,0,-0.01763055510438104,0.0,BFF092D3-CC69-EF11-B2FD-005056A80461,FIXED INCOME FUND (USD),2025-04-20,0.0,False,0.0,0.0,2.097467380798272,0.0,6,4,True,-0.015124477871201124,-0.014428922558348508,0.0018402663809025986,-0.16175856567794245,-0.16191620666396273,0.0002689844295466009,-0.13988018296141008,-0.139956879785092,8.147944892051091e-05,0
-0.26780391827708666,0,0,0,0,-0.10877303264298453,0,5066.002499,5066.002499,-0.13980082083537002,-0.06970735317311964,-0.03055635111510901,-0.8220216193228418,-0.0697645861039315,-0.040271300567630175,-0.03736461723018442,0,-0.01763055510438104,0.0,BFF092D3-CC69-EF11-B2FD-005056A80461,FIXED INCOME FUND (USD),2025-04-21,0.0,False,0.0,0.0,2.1132519579705806,0.0,0,4,False,-0.015124477871201124,-0.014428922558348508,0.0018402663809025986,-0.16175842540708404,-0.1618373913345594,0.00020836763973070671,-0.1398402078301768,-0.1399200029252313,8.587621267873857e-05,0
-0.26780391827708666,0,0,0,0,-0.10877303264298453,0,5066.582169,5066.582169,-0.13976442443926027,-0.07070691246159073,-0.03055635111510901,-0.8220216193228418,-0.06969466431585576,-0.040295605166160015,-0.03736461723018442,0,-0.01763055510438104,0.0,BFF092D3-CC69-EF11-B2FD-005056A80461,FIXED INCOME FUND (USD),2025-04-22,0.0,False,0.0,0.0,2.1290365351428893,0.0,1,4,False,-0.015124477871201124,-0.014428922558348508,0.0018402663809025986,-0.16175828719996874,-0.16175856777350614,2.993699592023756e-07,-0.13980082083537002,-0.1398807801662367,8.51739374920718e-05,0
-0.26780391827708666,0,0,0,0,-0.10877303264298453,0,5067.21028,5067.21028,-0.13972498652327897,-0.07070701768750424,-0.03055635111510901,0.3799447513038712,-0.06963595692824065,-0.03990609199498438,-0.03736461723018442,0,-0.01763055510438104,0.0,BFF092D3-CC69-EF11-B2FD-005056A80461,FIXED INCOME FUND (USD),2025-04-23,0.0,False,0.0,0.0,2.1448211123151975,0.0,2,4,False,-0.015124477871201124,-0.015124477871201124,0.0,-0.16175815948672384,-0.16175843015367117,2.9732132641606905e-07,-0.13976442443926027,-0.139841560537679,8.458912685236101e-05,0
-0.26780391827708666,0,0,0,0,-0.10877303264298453,0,5067.840533,5067.840533,-0.13968541411512028,-0.07070604365408907,-0.03055635111510901,0.3799447513038712,-0.06958704991122183,-0.03992208186243822,-0.03736461723018442,0,-0.01763055510438104,0.0,BFF092D3-CC69-EF11-B2FD-005056A80461,FIXED INCOME FUND (USD),2025-04-24,0.0,False,0.0,0.0,2.160605689487506,0.0,3,4,False,-0.015124477871201124,-0.015124477871201124,0.0,-0.16175802110092852,-0.16175829243903536,2.9572394588808934e-07,-0.13972498652327897,-0.13980231389228528,8.413312305286961e-05,0
-0.26780391827708666,0,0,0,0,-0.10877303264298453,0,5068.461678,5068.461678,-0.1396464135812621,-0.07071259801185639,-0.03055635111510901,0.3799447513038712,-0.06954694426282874,-0.04060197102657566,-0.03736461723018442,0,-0.01763055510438104,0.0,BFF092D3-CC69-EF11-B2FD-005056A80461,FIXED INCOME FUND (USD),2025-04-25,0.0,False,0.0,0.0,2.1763902666598147,0.0,4,4,False,-0.015124477871201124,-0.015124477871201124,0.0,-0.1617578822432065,-0.16175815521543124,2.947220535024822e-07,-0.13968541411512028,-0.13976320718369692,8.384710891979777e-05,0
-0.26780391827708666,0,0,0,0,-0.10877303264298453,0,5069.09118,5069.09118,-0.13960688832699003,-0.07071935106953266,-0.03055635111510901,0.3799447513038712,-0.06951492025775662,-0.04060197102657566,-0.03736461723018442,0,-0.01763055510438104,0.0,BFF092D3-CC69-EF11-B2FD-005056A80461,FIXED INCOME FUND (USD),2025-04-26,0.0,False,0.0,0.0,2.192174843832123,0.0,5,4,True,-0.015124477871201124,-0.015124477871201124,0.0,-0.1617577453921645,-0.1617580182185685,2.950082929682766e-07,-0.1396464135812621,-0.13972416509306548,8.392882356428364e-05,0
-0.26780391827708666,0,0,0,0,-0.10877303264298453,0,5069.720642,5069.720642,-0.13956736558424324,-0.07072700379326718,-0.03055635111510901,0.3799447513038712,-0.06949046002427879,-0.04060197102657566,-0.03736461723018442,0,-0.01763055510438104,0.0,BFF092D3-CC69-EF11-B2FD-005056A80461,FIXED INCOME FUND (USD),2025-04-27,0.0,False,0.0,0.0,2.2079594210044315,0.0,6,4,True,-0.015124477871201124,-0.015124477871201124,0.0,-0.16175760669990324,-0.1617578814484786,2.966919923362682e-07,-0.13960688832699003,-0.1396851876293607,8.440947314680396e-05,0
-0.26780391827708666,0,0,0,0,-0.10877303264298453,0,5070.337847,5070.337847,-0.13952861243562262,-0.0707290562078674,-0.03055635111510901,0.3799447513038712,-0.06947319879134928,-0.04060900656825535,-0.03736461723018442,0,-0.01763055510438104,0.0,BFF092D3-CC69-EF11-B2FD-005056A80461,FIXED INCOME FUND (USD),2025-04-28,0.0,False,0.0,0.0,2.2237439981767397,0.0,0,4,False,-0.015124477871201124,-0.015124477871201124,0.0,-0.1617574680164548,-0.1617577449961225,2.986203500836679e-07,-0.13956736558424324,-0.13964630071511105,8.495995449255379e-05,0
-0.26780391827708666,0,0,0,0,-0.10877303264298453,0,5070.945365,5070.945365,-0.13949046751563057,-0.07082684537334602,-0.03055635111510901,0.3799447513038712,-0.06946289420443838,-0.04162212457013089,-0.03736461723018442,0,-0.01763055510438104,0.0,BFF092D3-CC69-EF11-B2FD-005056A80461,FIXED INCOME FUND (USD),2025-04-29,0.0,False,0.0,0.0,2.2395285753490484,0.0,1,4,False,-0.015124477871201124,-0.015124477871201124,0.0,-0.161757332033476,-0.16175760766726807,2.972738365668754e-07,-0.13952861243562262,-0.1396071640117354,8.457557192585795e-05,0
-0.26780391827708666,0,0,0,0,-0.10877303264298453,0,5071.553498,5071.553498,-0.13945228398093773,-0.07081305427362976,-0.027765737386766742,0.3799447513038712,-0.06945940780896791,-0.04163683524818843,-0.03736461723018442,1,-0.01763055510438104,0.0,BFF092D3-CC69-EF11-B2FD-005056A80461,FIXED INCOME FUND (USD),2025-04-30,0.0,False,0.0,0.0,2.255313152521357,0.0,2,4,False,-0.015124477871201124,-0.015124477871201124,0.0,-0.16175719818474288,-0.1617574709672087,2.9548005530822707e-07,-0.13949046751563057,-0.13956820650568663,8.406350076956516e-05,0
