anomaly_score_adjusted,has_activity,outflow_to_inflow,zero_activity_freq,outflows,gross_activity,balance_anomaly_flag,is_income_distribution_day,outflow_diff,has_reversal,inflow_diff,inflows,rolling_income_std,balance_change,income_diff,clientid,fundname,transactiondate,anomaly_score,dayofweek,month,is_weekend,lag_inflows,rolling_mean_inflows,rolling_std_inflows,is_anomaly
-0.15684476816690138,5.238221254097949,-0.10877303264298453,-8.033819843083116,0.0,1.562509811852151,-0.027181247215081233,-0.19207496930540102,-0.00021634381644337908,-0.0039580996809273,0.008587770201058048,1.9324284505612486,-0.07091369180769326,0.0006020355448156202,0.002877086248258544,FEB341FD-A4A6-EF11-B300-005056A80461,MONEY MARKET FUND,2024-11-20,0.0,2,11,False,-0.015124477871201124,0.26309736904772013,0.736105816253277,1
-0.15684476816690138,-0.19090449820493607,-0.10877303264298453,-3.826937545889623,0.0,-0.01763055510438104,-0.027181247215081233,-0.19207496930540102,-0.00021634381644337908,-0.0039580996809273,-1.803063347565721,0.0,-0.021272772530553628,0.0012321986209548163,-0.07477040026076101,FEB341FD-A4A6-EF11-B300-005056A80461,MONEY MARKET FUND,2024-11-21,0.0,3,11,False,1.9324284505612486,0.26309736904772013,0.736105816253277,1
-0.15684476816690138,-0.19090449820493607,-0.10877303264298453,-2.424643446825125,0.0,-0.01763055510438104,-0.027181247215081233,-0.19207496930540102,-0.00021634381644337908,-0.0039580996809273,0.008587770201058048,0.0,-0.03487139534392252,0.001237079790950346,0.026027351875692946,FEB341FD-A4A6-EF11-B300-005056A80461,MONEY MARKET FUND,2024-11-22,0.0,4,11,False,-0.015124477871201124,0.26309736904772013,0.736105816253277,1
-0.15684476816690138,-0.19090449820493607,-0.10877303264298453,-1.7234963972928758,0.0,-0.01763055510438104,-0.027181247215081233,-0.19207496930540102,-0.00021634381644337908,-0.0039580996809273,0.008587770201058048,0.0,-0.03990356279721567,0.0012438432153140573,0.034954451042785994,FEB341FD-A4A6-EF11-B300-005056A80461,MONEY MARKET FUND,2024-11-23,0.0,5,11,True,-0.015124477871201124,0.26309736904772013,0.736105816253277,1
-0.15684476816690138,-0.19090449820493607,-0.10877303264298453,-1.302808167573526,0.0,-0.01763055510438104,-0.027181247215081233,-0.19207496930540102,-0.00021634381644337908,-0.0039580996809273,0.008587770201058048,0.0,-0.04329514571622876,0.0012437848575022235,0.0026003085792218575,FEB341FD-A4A6-EF11-B300-005056A80461,MONEY MARKET FUND,2024-11-24,0.0,6,11,True,-0.015124477871201124,0.26309736904772013,0.736105816253277,1
-0.15684476816690138,-0.19090449820493607,-0.10877303264298453,-1.0223493477606265,0.0,-0.01763055510438104,-0.027181247215081233,-0.19207496930540102,-0.00021634381644337908,-0.0039580996809273,0.008587770201058048,0.0,-0.03940692510763583,0.0012299240920089322,-0.06286133368982519,FEB341FD-A4A6-EF11-B300-005056A80461,MONEY MARKET FUND,2024-11-25,0.0,0,11,False,-0.015124477871201124,0.26309736904772013,0.736105816253277,1
-0.15684476816690138,-0.19090449820493607,-0.10877303264298453,-0.8220216193228418,0.0,-0.01763055510438104,-0.027181247215081233,-0.19207496930540102,-0.00021634381644337908,-0.0039580996809273,0.008587770201058048,0.0,0.06907759363024916,0.0011547006423723138,-0.3538904186827778,FEB341FD-A4A6-EF11-B300-005056A80461,MONEY MARKET FUND,2024-11-26,0.0,1,11,False,-0.015124477871201124,0.26309736904772013,0.736105816253277,1
6.473835103685202,5.238221254097949,-0.10877303264298453,-0.8220216193228418,0.0,0.45641202902516265,-0.027181247215081233,-0.19207496930540102,-0.00021634381644337908,-0.0039580996809273,0.5520836490269706,0.5691419849249966,0.2468554394407871,0.71189784229819,1.1727572332841858,FEB341FD-A4A6-EF11-B300-005056A80461,MONEY MARKET FUND,2024-11-27,0.4100223914436472,2,11,False,-0.015124477871201124,0.0683421596711127,0.2208319657101707,1
-0.15684476816690138,-0.19090449820493607,-0.10877303264298453,-0.8220216193228418,0.0,-0.01763055510438104,-0.027181247215081233,-0.19207496930540102,-0.00021634381644337908,-0.0039580996809273,-0.5349081086248546,0.0,0.32605334331529945,0.0013998815702779988,-0.004166361218738565,FEB341FD-A4A6-EF11-B300-005056A80461,MONEY MARKET FUND,2024-11-28,0.0,3,11,False,0.5691419849249966,0.0683421596711127,0.2208319657101707,1
-0.15684476816690138,-0.19090449820493607,-0.10877303264298453,-0.8220216193228418,0.0,-0.01763055510438104,-0.027181247215081233,-0.19207496930540102,-0.00021634381644337908,-0.0039580996809273,0.008587770201058048,0.0,0.34394341659740024,0.001364236374183162,-0.16617987318323857,FEB341FD-A4A6-EF11-B300-005056A80461,MONEY MARKET FUND,2024-11-29,0.0,4,11,False,-0.015124477871201124,0.0683421596711127,0.2208319657101707,1
-0.15684476816690138,-0.19090449820493607,-0.10877303264298453,-0.8220216193228418,0.0,-0.01763055510438104,-0.027181247215081233,5.206300454537575,-0.00021634381644337908,-0.0039580996809273,0.008587770201058048,0.0,0.3709548789807136,0.0014078409259924627,0.2096834375646312,FEB341FD-A4A6-EF11-B300-005056A80461,MONEY MARKET FUND,2024-11-30,0.0,5,11,True,-0.015124477871201124,0.0683421596711127,0.2208319657101707,1
-0.15684476816690138,-0.19090449820493607,-0.10877303264298453,-0.8220216193228418,0.0,-0.01763055510438104,-0.027181247215081233,-0.19207496930540102,-0.00021634381644337908,-0.0039580996809273,0.008587770201058048,0.0,0.3690325651704646,0.0014048588207123526,-0.011266352607894662,FEB341FD-A4A6-EF11-B300-005056A80461,MONEY MARKET FUND,2024-12-01,0.0,6,12,True,-0.015124477871201124,0.0683421596711127,0.2208319657101707,1
-0.15684476816690138,-0.19090449820493607,-0.10877303264298453,-0.8220216193228418,0.0,-0.01763055510438104,-0.027181247215081233,-0.19207496930540102,-0.00021634381644337908,-0.0039580996809273,0.008587770201058048,0.0,0.3255854034660711,0.0013994072333569777,-0.02297853760004406,FEB341FD-A4A6-EF11-B300-005056A80461,MONEY MARKET FUND,2024-12-02,0.0,0,12,False,-0.015124477871201124,0.0683421596711127,0.2208319657101707,1
-0.15684476816690138,-0.19090449820493607,-0.10877303264298453,-0.8220216193228418,0.0,-0.01763055510438104,-0.027181247215081233,-0.19207496930540102,-0.00021634381644337908,-0.0039580996809273,0.008587770201058048,0.0,0.06351423327751689,0.001322895838339856,-0.35999884713660163,FEB341FD-A4A6-EF11-B300-005056A80461,MONEY MARKET FUND,2024-12-03,0.0,1,12,False,-0.015124477871201124,0.0683421596711127,0.2208319657101707,1
-0.15684476816690138,-0.19090449820493607,-0.10877303264298453,0.3799447513038712,0.0,-0.01763055510438104,-0.027181247215081233,-0.19207496930540102,-0.00021634381644337908,-0.0039580996809273,0.008587770201058048,0.0,0.06458009079958824,0.0013622098227176482,0.18933426393807345,FEB341FD-A4A6-EF11-B300-005056A80461,MONEY MARKET FUND,2024-12-04,0.0,2,12,False,-0.015124477871201124,-0.015124477871201124,0.0,0
-0.15684476816690138,-0.19090449820493607,-0.10877303264298453,0.3799447513038712,0.0,-0.01763055510438104,-0.027181247215081233,-0.19207496930540102,-0.00021634381644337908,-0.0039580996809273,0.008587770201058048,0.0,0.06192243881685885,0.001360899051452215,-0.0033396001161284483,FEB341FD-A4A6-EF11-B300-005056A80461,MONEY MARKET FUND,2024-12-05,0.0,3,12,False,-0.015124477871201124,-0.015124477871201124,0.0,0
-0.15684476816690138,-0.19090449820493607,-0.10877303264298453,0.3799447513038712,0.0,-0.01763055510438104,-0.027181247215081233,-0.19207496930540102,-0.00021634381644337908,-0.0039580996809273,0.008587770201058048,0.0,0.06401412436482196,0.001357378098540066,-0.0138219828823212,FEB341FD-A4A6-EF11-B300-005056A80461,MONEY MARKET FUND,2024-12-06,0.0,4,12,False,-0.015124477871201124,-0.015124477871201124,0.0,0
-0.15684476816690138,-0.19090449820493607,-0.10877303264298453,0.3799447513038712,0.0,-0.01763055510438104,-0.027181247215081233,-0.19207496930540102,-0.00021634381644337908,-0.0039580996809273,0.008587770201058048,0.0,0.04772476284632992,0.0013723600582592644,0.07393307230100944,FEB341FD-A4A6-EF11-B300-005056A80461,MONEY MARKET FUND,2024-12-07,0.0,5,12,True,-0.015124477871201124,-0.015124477871201124,0.0,0
-0.15684476816690138,-0.19090449820493607,-0.10877303264298453,0.3799447513038712,0.0,-0.01763055510438104,-0.027181247215081233,-0.19207496930540102,-0.00021634381644337908,-0.0039580996809273,0.008587770201058048,0.0,0.027157407405152302,0.0013722888001999538,0.0025391256741757163,FEB341FD-A4A6-EF11-B300-005056A80461,MONEY MARKET FUND,2024-12-08,0.0,6,12,True,-0.015124477871201124,-0.015124477871201124,0.0,0
-0.15684476816690138,-0.19090449820493607,-0.10877303264298453,0.3799447513038712,0.0,-0.01763055510438104,-0.027181247215081233,-0.19207496930540102,-0.00021634381644337908,-0.0039580996809273,0.008587770201058048,0.0,0.00590154393479218,0.0013407155375610863,-0.14686763017210788,FEB341FD-A4A6-EF11-B300-005056A80461,MONEY MARKET FUND,2024-12-09,0.0,0,12,False,-0.015124477871201124,-0.015124477871201124,0.0,0
-0.15684476816690138,-0.19090449820493607,-0.10877303264298453,0.3799447513038712,0.0,-0.01763055510438104,-0.027181247215081233,-0.19207496930540102,-0.00021634381644337908,-0.0039580996809273,0.008587770201058048,0.0,-0.023840640208491384,0.0013540989204728687,0.06635139049510995,FEB341FD-A4A6-EF11-B300-005056A80461,MONEY MARKET FUND,2024-12-10,0.0,1,12,False,-0.015124477871201124,-0.015124477871201124,0.0,0
-0.15684476816690138,-0.19090449820493607,-0.10877303264298453,0.3799447513038712,0.0,-0.01763055510438104,-0.027181247215081233,-0.19207496930540102,-0.00021634381644337908,-0.0039580996809273,0.008587770201058048,0.0,-0.02366974976029748,0.001363204688302161,0.046063646886488833,FEB341FD-A4A6-EF11-B300-005056A80461,MONEY MARKET FUND,2024-12-11,0.0,2,12,False,-0.015124477871201124,-0.015124477871201124,0.0,0
-0.15684476816690138,-0.19090449820493607,-0.10877303264298453,0.3799447513038712,0.0,-0.01763055510438104,-0.027181247215081233,-0.19207496930540102,-0.00021634381644337908,-0.0039580996809273,0.008587770201058048,0.0,-0.023159406394195146,0.0013643953217179908,0.008523986450670753,FEB341FD-A4A6-EF11-B300-005056A80461,MONEY MARKET FUND,2024-12-12,0.0,3,12,False,-0.015124477871201124,-0.015124477871201124,0.0,0
-0.15684476816690138,-0.19090449820493607,-0.10877303264298453,0.3799447513038712,0.0,-0.01763055510438104,-0.027181247215081233,-0.19207496930540102,-0.00021634381644337908,-0.0039580996809273,0.008587770201058048,0.0,-0.02255818638976185,0.0013551413964264611,-0.04101215112466458,FEB341FD-A4A6-EF11-B300-005056A80461,MONEY MARKET FUND,2024-12-13,0.0,4,12,False,-0.015124477871201124,-0.015124477871201124,0.0,0
-0.15684476816690138,-0.19090449820493607,-0.10877303264298453,0.3799447513038712,0.0,-0.01763055510438104,-0.027181247215081233,-0.19207496930540102,-0.00021634381644337908,-0.0039580996809273,0.008587770201058048,0.0,-0.027439463277309825,0.0013634872172259315,0.04245939306398193,FEB341FD-A4A6-EF11-B300-005056A80461,MONEY MARKET FUND,2024-12-14,0.0,5,12,True,-0.015124477871201124,-0.015124477871201124,0.0,0
-0.15684476816690138,-0.19090449820493607,-0.10877303264298453,0.3799447513038712,0.0,-0.01763055510438104,-0.027181247215081233,-0.19207496930540102,-0.00021634381644337908,-0.0039580996809273,0.008587770201058048,0.0,-0.03380943763069469,0.0013634165654566005,0.0025420011696216482,FEB341FD-A4A6-EF11-B300-005056A80461,MONEY MARKET FUND,2024-12-15,0.0,6,12,True,-0.015124477871201124,-0.015124477871201124,0.0,0
-0.15684476816690138,-0.19090449820493607,-0.10877303264298453,0.3799447513038712,0.0,-0.01763055510438104,-0.027181247215081233,-0.19207496930540102,-0.00021634381644337908,-0.0039580996809273,0.008587770201058048,0.0,-0.03727662499522166,0.0013432179037799633,-0.09292051628054204,FEB341FD-A4A6-EF11-B300-005056A80461,MONEY MARKET FUND,2024-12-16,0.0,0,12,False,-0.015124477871201124,-0.015124477871201124,0.0,0
-0.15684476816690138,-0.19090449820493607,-0.10877303264298453,0.3799447513038712,0.0,-0.01763055510438104,-0.027181247215081233,-0.19207496930540102,-0.00021634381644337908,-0.0039580996809273,0.008587770201058048,0.0,-0.019897415393253418,0.00133467996947074,-0.037616370721959,FEB341FD-A4A6-EF11-B300-005056A80461,MONEY MARKET FUND,2024-12-17,0.0,1,12,False,-0.015124477871201124,-0.015124477871201124,0.0,0
-0.15684476816690138,-0.19090449820493607,-0.10877303264298453,0.3799447513038712,0.0,-0.01763055510438104,-0.027181247215081233,-0.19207496930540102,-0.00021634381644337908,-0.0039580996809273,0.008587770201058048,0.0,-0.009753309267526208,0.0013313210002805493,-0.013053731372585574,FEB341FD-A4A6-EF11-B300-005056A80461,MONEY MARKET FUND,2024-12-18,0.0,2,12,False,-0.015124477871201124,-0.015124477871201124,0.0,0
6.4131116658640455,5.238221254097949,-0.10877303264298453,-0.8220216193228418,0.0,0.14038363960546688,-0.027181247215081233,-0.19207496930540102,-0.00021634381644337908,-0.0039580996809273,0.18975306314302892,0.17963100972753146,0.06926623793263446,0.2381012791293981,-0.29212516964693747,FEB341FD-A4A6-EF11-B300-005056A80461,MONEY MARKET FUND,2024-12-19,0.40626742669292765,3,12,False,-0.015124477871201124,0.012697734642903412,0.07361065524324131,1
-0.15684476816690138,-0.19090449820493607,-0.10877303264298453,-0.8220216193228418,0.0,-0.01763055510438104,-0.027181247215081233,-0.19207496930540102,-0.00021634381644337908,-0.0039580996809273,-0.17257752274091281,0.0,0.07980021866788731,0.001374267135006408,0.5015629728004063,FEB341FD-A4A6-EF11-B300-005056A80461,MONEY MARKET FUND,2024-12-20,0.0,4,12,False,0.17963100972753146,0.012697734642903412,0.07361065524324131,1
-0.15684476816690138,-0.19090449820493607,-0.10877303264298453,-0.8220216193228418,0.0,-0.01763055510438104,-0.027181247215081233,-0.19207496930540102,-0.00021634381644337908,-0.0039580996809273,0.008587770201058048,0.0,0.0905363989064201,0.0013810729239066449,0.03515537628704207,FEB341FD-A4A6-EF11-B300-005056A80461,MONEY MARKET FUND,2024-12-21,0.0,5,12,True,-0.015124477871201124,0.012697734642903412,0.07361065524324131,0
-0.15684476816690138,-0.19090449820493607,-0.10877303264298453,-0.8220216193228418,0.0,-0.01763055510438104,-0.027181247215081233,-0.19207496930540102,-0.00021634381644337908,-0.0039580996809273,0.008587770201058048,0.0,0.09978672993638368,0.0013809997830311225,0.0025301959129296926,FEB341FD-A4A6-EF11-B300-005056A80461,MONEY MARKET FUND,2024-12-22,0.0,6,12,True,-0.015124477871201124,0.012697734642903412,0.07361065524324131,0
-0.15684476816690138,-0.19090449820493607,-0.10877303264298453,-0.8220216193228418,0.0,-0.01763055510438104,-0.027181247215081233,-0.19207496930540102,-0.00021634381644337908,-0.0039580996809273,0.008587770201058048,0.0,0.09975527611242155,0.0013453685647708449,-0.1661135795343343,FEB341FD-A4A6-EF11-B300-005056A80461,MONEY MARKET FUND,2024-12-23,0.0,0,12,False,-0.015124477871201124,0.01269773464290341,0.07361065524324131,0
-0.15684476816690138,-0.19090449820493607,-0.10877303264298453,-0.8220216193228418,0.0,-0.01763055510438104,-0.027181247215081233,-0.19207496930540102,-0.00021634381644337908,-0.0039580996809273,0.008587770201058048,0.0,0.12911136829914505,0.0014125626984724958,0.3215633940777744,FEB341FD-A4A6-EF11-B300-005056A80461,MONEY MARKET FUND,2024-12-24,0.0,1,12,False,-0.015124477871201124,0.012697734642903412,0.07361065524324131,0
-0.15684476816690138,-0.19090449820493607,-0.10877303264298453,-0.8220216193228418,0.0,-0.01763055510438104,-0.027181247215081233,-0.19207496930540102,-0.00021634381644337908,-0.0039580996809273,0.008587770201058048,0.0,0.12550653898290426,0.001378205225136168,-0.1600725005753979,FEB341FD-A4A6-EF11-B300-005056A80461,MONEY MARKET FUND,2024-12-25,0.0,2,12,False,-0.015124477871201124,0.012697734642903412,0.07361065524324131,0
-0.15684476816690138,-0.19090449820493607,-0.10877303264298453,0.3799447513038712,0.0,-0.01763055510438104,-0.027181247215081233,-0.19207496930540102,-0.00021634381644337908,-0.0039580996809273,0.008587770201058048,0.0,0.012836727931100422,0.001378132271358924,0.0025310832728520118,FEB341FD-A4A6-EF11-B300-005056A80461,MONEY MARKET FUND,2024-12-26,0.0,3,12,False,-0.015124477871201124,-0.015124477871201124,0.0,0
-0.15684476816690138,-0.19090449820493607,-0.10877303264298453,0.3799447513038712,0.0,-0.01763055510438104,-0.027181247215081233,-0.19207496930540102,-0.00021634381644337908,-0.0039580996809273,0.008587770201058048,0.0,0.012777971870683422,0.0013746467366950316,-0.01365400227924426,FEB341FD-A4A6-EF11-B300-005056A80461,MONEY MARKET FUND,2024-12-27,0.0,4,12,False,-0.015124477871201124,-0.015124477871201124,0.0,0
-0.15684476816690138,-0.19090449820493607,-0.10877303264298453,0.3799447513038712,0.0,-0.01763055510438104,-0.027181247215081233,-0.19207496930540102,-0.00021634381644337908,-0.0039580996809273,0.008587770201058048,0.0,0.012759319281723478,0.0013757904844481908,0.008301618547018634,FEB341FD-A4A6-EF11-B300-005056A80461,MONEY MARKET FUND,2024-12-28,0.0,5,12,True,-0.015124477871201124,-0.015124477871201124,0.0,0
-0.15684476816690138,-0.19090449820493607,-0.10877303264298453,0.3799447513038712,0.0,-0.01763055510438104,-0.027181247215081233,-0.19207496930540102,-0.00021634381644337908,-0.0039580996809273,0.008587770201058048,0.0,0.012608660686589966,0.0013757176893474958,0.0025318358439250233,FEB341FD-A4A6-EF11-B300-005056A80461,MONEY MARKET FUND,2024-12-29,0.0,6,12,True,-0.015124477871201124,-0.015124477871201124,0.0,0
-0.15684476816690138,-0.19090449820493607,-0.10877303264298453,0.3799447513038712,0.0,-0.01763055510438104,-0.027181247215081233,-0.19207496930540102,-0.00021634381644337908,-0.0039580996809273,0.008587770201058048,0.0,-0.01205203124279894,0.0013759754479957759,0.0040995761791557455,FEB341FD-A4A6-EF11-B300-005056A80461,MONEY MARKET FUND,2024-12-30,0.0,0,12,False,-0.015124477871201124,-0.015124477871201124,0.0,0
-0.15684476816690138,-0.19090449820493607,-0.10877303264298453,0.3799447513038712,0.0,-0.01763055510438104,-0.027181247215081233,5.206300454537575,-0.00021634381644337908,-0.0039580996809273,0.008587770201058048,0.0,-0.063233926286468,0.0013731898257783794,-0.010334478667865299,FEB341FD-A4A6-EF11-B300-005056A80461,MONEY MARKET FUND,2024-12-31,0.0,1,12,False,-0.015124477871201124,-0.015124477871201124,0.0,0
-0.15684476816690138,-0.19090449820493607,-0.10877303264298453,0.3799447513038712,0.0,-0.01763055510438104,-0.027181247215081233,-0.19207496930540102,-0.00021634381644337908,-0.0039580996809273,0.008587770201058048,0.0,-0.053764339946306694,0.0013657557401080336,-0.03238107073480423,FEB341FD-A4A6-EF11-B300-005056A80461,MONEY MARKET FUND,2025-01-01,0.0,2,1,False,-0.015124477871201124,-0.015124477871201124,0.0,0
-0.15684476816690138,-0.19090449820493607,-0.10877303264298453,0.3799447513038712,0.0,-0.01763055510438104,-0.027181247215081233,-0.19207496930540102,-0.00021634381644337908,-0.0039580996809273,0.008587770201058048,0.0,-0.047825135214730315,0.001362914531014928,-0.010598114424123567,FEB341FD-A4A6-EF11-B300-005056A80461,MONEY MARKET FUND,2025-01-02,0.0,3,1,False,-0.015124477871201124,-0.015124477871201124,0.0,0
-0.15684476816690138,-0.19090449820493607,-0.10877303264298453,0.3799447513038712,0.0,-0.01763055510438104,-0.027181247215081233,-0.19207496930540102,-0.00021634381644337908,-0.0039580996809273,0.008587770201058048,0.0,-0.029249813517993998,0.001349936794225152,-0.05867333182706837,FEB341FD-A4A6-EF11-B300-005056A80461,MONEY MARKET FUND,2025-01-03,0.0,4,1,False,-0.015124477871201124,-0.015124477871201124,0.0,0
-0.15684476816690138,-0.19090449820493607,-0.10877303264298453,0.3799447513038712,0.0,-0.01763055510438104,-0.027181247215081233,-0.19207496930540102,-0.00021634381644337908,-0.0039580996809273,0.008587770201058048,0.0,-0.03141187306686845,0.0013647660658842637,0.07320890797730306,FEB341FD-A4A6-EF11-B300-005056A80461,MONEY MARKET FUND,2025-01-04,0.0,5,1,True,-0.015124477871201124,-0.015124477871201124,0.0,0
-0.15684476816690138,-0.19090449820493607,-0.10877303264298453,0.3799447513038712,0.0,-0.01763055510438104,-0.027181247215081233,-0.19207496930540102,-0.00021634381644337908,-0.0039580996809273,0.008587770201058048,0.0,-0.03508897939781287,0.001364693363147711,0.0025322739076851127,FEB341FD-A4A6-EF11-B300-005056A80461,MONEY MARKET FUND,2025-01-05,0.0,6,1,True,-0.015124477871201124,-0.015124477871201124,0.0,0
-0.15684476816690138,-0.19090449820493607,-0.10877303264298453,0.3799447513038712,0.0,-0.01763055510438104,-0.027181247215081233,-0.19207496930540102,-0.00021634381644337908,-0.0039580996809273,0.008587770201058048,0.0,-0.0364860786070986,0.0013527164766914486,-0.05392652909353138,FEB341FD-A4A6-EF11-B300-005056A80461,MONEY MARKET FUND,2025-01-06,0.0,0,1,False,-0.015124477871201124,-0.015124477871201124,0.0,0
-0.15684476816690138,-0.19090449820493607,-0.10877303264298453,0.3799447513038712,0.0,-0.01763055510438104,-0.027181247215081233,-0.19207496930540102,-0.00021634381644337908,-0.0039580996809273,0.008587770201058048,0.0,-0.04344561115170666,0.0013626908193583962,0.05018309738712043,FEB341FD-A4A6-EF11-B300-005056A80461,MONEY MARKET FUND,2025-01-07,0.0,1,1,False,-0.015124477871201124,-0.015124477871201124,0.0,0
-0.15684476816690138,-0.19090449820493607,-0.10877303264298453,0.3799447513038712,0.0,-0.01763055510438104,-0.027181247215081233,-0.19207496930540102,-0.00021634381644337908,-0.0039580996809273,0.008587770201058048,0.0,-0.01832506699328542,0.0013312778636713734,-0.14610733120446415,FEB341FD-A4A6-EF11-B300-005056A80461,MONEY MARKET FUND,2025-01-08,0.0,2,1,False,-0.015124477871201124,-0.015124477871201124,0.0,0
-0.15684476816690138,-0.19090449820493607,-0.10877303264298453,0.3799447513038712,0.0,-0.01763055510438104,-0.027181247215081233,-0.19207496930540102,-0.00021634381644337908,-0.0039580996809273,0.008587770201058048,0.0,-0.02003154338224522,0.0013518600181883003,0.10049350704078186,FEB341FD-A4A6-EF11-B300-005056A80461,MONEY MARKET FUND,2025-01-09,0.0,3,1,False,-0.015124477871201124,-0.015124477871201124,0.0,0
-0.15684476816690138,-0.19090449820493607,-0.10877303264298453,0.3799447513038712,0.0,-0.01763055510438104,-0.027181247215081233,-0.19207496930540102,-0.00021634381644337908,-0.0039580996809273,0.008587770201058048,0.0,-0.012904357240342144,0.0013368395400863411,-0.06836158362451658,FEB341FD-A4A6-EF11-B300-005056A80461,MONEY MARKET FUND,2025-01-10,0.0,4,1,False,-0.015124477871201124,-0.015124477871201124,0.0,0
-0.15684476816690138,-0.19090449820493607,-0.10877303264298453,0.3799447513038712,0.0,-0.01763055510438104,-0.027181247215081233,-0.19207496930540102,-0.00021634381644337908,-0.0039580996809273,0.008587770201058048,0.0,-0.01695585631005134,0.00134330814630574,0.03355619645278079,FEB341FD-A4A6-EF11-B300-005056A80461,MONEY MARKET FUND,2025-01-11,0.0,5,1,True,-0.015124477871201124,-0.015124477871201124,0.0,0
-0.15684476816690138,-0.19090449820493607,-0.10877303264298453,0.3799447513038712,0.0,-0.01763055510438104,-0.027181247215081233,-0.19207496930540102,-0.00021634381644337908,-0.0039580996809273,0.008587770201058048,0.0,-0.02548031739832349,0.001343236968769425,0.0025395075759148886,FEB341FD-A4A6-EF11-B300-005056A80461,MONEY MARKET FUND,2025-01-12,0.0,6,1,True,-0.015124477871201124,-0.015124477871201124,0.0,0
-0.15684476816690138,-0.19090449820493607,-0.10877303264298453,0.3799447513038712,0.0,-0.01763055510438104,-0.027181247215081233,-0.19207496930540102,-0.00021634381644337908,-0.0039580996809273,0.008587770201058048,0.0,-0.02394815322602145,0.0013341227341894077,-0.0403496302345719,FEB341FD-A4A6-EF11-B300-005056A80461,MONEY MARKET FUND,2025-01-13,0.0,0,1,False,-0.015124477871201124,-0.015124477871201124,0.0,0
-0.15684476816690138,-0.19090449820493607,-0.10877303264298453,0.3799447513038712,0.0,-0.01763055510438104,-0.027181247215081233,-0.19207496930540102,-0.00021634381644337908,-0.0039580996809273,0.008587770201058048,0.0,-0.04033899125947097,0.0013452220319774548,0.055518500559472175,FEB341FD-A4A6-EF11-B300-005056A80461,MONEY MARKET FUND,2025-01-14,0.0,1,1,False,-0.015124477871201124,-0.015124477871201124,0.0,0
-0.15684476816690138,-0.19090449820493607,-0.10877303264298453,0.3799447513038712,0.0,-0.01763055510438104,-0.027181247215081233,-0.19207496930540102,-0.00021634381644337908,-0.0039580996809273,0.008587770201058048,0.0,0.07528214950752478,0.0012535201488924489,-0.4320438351365531,FEB341FD-A4A6-EF11-B300-005056A80461,MONEY MARKET FUND,2025-01-15,0.0,2,1,False,-0.015124477871201124,-0.015124477871201124,0.0,0
-0.15684476816690138,-0.19090449820493607,-0.10877303264298453,0.3799447513038712,0.0,-0.01763055510438104,-0.027181247215081233,-0.19207496930540102,-0.00021634381644337908,-0.0039580996809273,0.008587770201058048,0.0,0.0707092965091302,0.0013131755242149622,0.285808798531406,FEB341FD-A4A6-EF11-B300-005056A80461,MONEY MARKET FUND,2025-01-16,0.0,3,1,False,-0.015124477871201124,-0.015124477871201124,0.0,0
-0.15684476816690138,-0.19090449820493607,-0.10877303264298453,0.3799447513038712,0.0,-0.01763055510438104,-0.027181247215081233,-0.19207496930540102,-0.00021634381644337908,-0.0039580996809273,0.008587770201058048,0.0,0.06868379945163122,0.0013227874402604145,0.048464191357726345,FEB341FD-A4A6-EF11-B300-005056A80461,MONEY MARKET FUND,2025-01-17,0.0,4,1,False,-0.015124477871201124,-0.015124477871201124,0.0,0
-0.15684476816690138,-0.19090449820493607,-0.10877303264298453,0.3799447513038712,0.0,-0.01763055510438104,-0.027181247215081233,-0.19207496930540102,-0.00021634381644337908,-0.0039580996809273,0.008587770201058048,0.0,0.06298455153849696,0.0013223203314578717,0.0006616967259432565,FEB341FD-A4A6-EF11-B300-005056A80461,MONEY MARKET FUND,2025-01-18,0.0,5,1,True,-0.015124477871201124,-0.015124477871201124,0.0,0
-0.15684476816690138,-0.19090449820493607,-0.10877303264298453,0.3799447513038712,0.0,-0.01763055510438104,-0.027181247215081233,-0.19207496930540102,-0.00021634381644337908,-0.0039580996809273,0.008587770201058048,0.0,0.055551897946115,0.0013222506625417628,0.002546662617316274,FEB341FD-A4A6-EF11-B300-005056A80461,MONEY MARKET FUND,2025-01-19,0.0,6,1,True,-0.015124477871201124,-0.015124477871201124,0.0,0
-0.15684476816690138,-0.19090449820493607,-0.10877303264298453,0.3799447513038712,0.0,-0.01763055510438104,-0.027181247215081233,-0.19207496930540102,-0.00021634381644337908,-0.0039580996809273,0.008587770201058048,0.0,0.12121799310675305,0.001221551352866204,-0.474716558217552,FEB341FD-A4A6-EF11-B300-005056A80461,MONEY MARKET FUND,2025-01-20,0.0,0,1,False,-0.015124477871201124,-0.015124477871201124,0.0,0
-0.15684476816690138,-0.19090449820493607,-0.10877303264298453,0.3799447513038712,0.0,-0.01763055510438104,-0.027181247215081233,-0.19207496930540102,-0.00021634381644337908,-0.0039580996809273,0.008587770201058048,0.0,0.11312875636389061,0.001332732406266052,0.5301832282659293,FEB341FD-A4A6-EF11-B300-005056A80461,MONEY MARKET FUND,2025-01-21,0.0,1,1,False,-0.015124477871201124,-0.015124477871201124,0.0,0
-0.15684476816690138,-0.19090449820493607,-0.10877303264298453,0.3799447513038712,0.0,-0.01763055510438104,-0.027181247215081233,-0.19207496930540102,-0.00021634381644337908,-0.0039580996809273,0.008587770201058048,0.0,0.12791589537057935,0.001235882732278206,-0.4564586223509679,FEB341FD-A4A6-EF11-B300-005056A80461,MONEY MARKET FUND,2025-01-22,0.0,2,1,False,-0.015124477871201124,-0.015124477871201124,0.0,0
-0.15684476816690138,-0.19090449820493607,-0.10877303264298453,0.3799447513038712,0.0,-0.01763055510438104,-0.027181247215081233,-0.19207496930540102,-0.00021634381644337908,-0.0039580996809273,0.008587770201058048,0.0,0.13152473695083602,0.001261912035915147,0.12632808136383036,FEB341FD-A4A6-EF11-B300-005056A80461,MONEY MARKET FUND,2025-01-23,0.0,3,1,False,-0.015124477871201124,-0.015124477871201124,0.0,0
-0.15684476816690138,-0.19090449820493607,-0.10877303264298453,0.3799447513038712,0.0,-0.01763055510438104,-0.027181247215081233,-0.19207496930540102,-0.00021634381644337908,-0.0039580996809273,0.008587770201058048,0.0,0.1256150560595644,0.0012562530996375989,-0.02396194581001142,FEB341FD-A4A6-EF11-B300-005056A80461,MONEY MARKET FUND,2025-01-24,0.0,4,1,False,-0.015124477871201124,-0.015124477871201124,0.0,0
-0.15684476816690138,-0.19090449820493607,-0.10877303264298453,0.3799447513038712,0.0,-0.01763055510438104,-0.027181247215081233,-0.19207496930540102,-0.00021634381644337908,-0.0039580996809273,0.008587770201058048,0.0,0.10813668611635327,0.001279305846971698,0.11221096003044617,FEB341FD-A4A6-EF11-B300-005056A80461,MONEY MARKET FUND,2025-01-25,0.0,5,1,True,-0.015124477871201124,-0.015124477871201124,0.0,0
-0.15684476816690138,-0.19090449820493607,-0.10877303264298453,0.3799447513038712,0.0,-0.01763055510438104,-0.027181247215081233,-0.19207496930540102,-0.00021634381644337908,-0.0039580996809273,0.008587770201058048,0.0,0.08366019881905473,0.0012792393729209215,0.0025618151304264178,FEB341FD-A4A6-EF11-B300-005056A80461,MONEY MARKET FUND,2025-01-26,0.0,6,1,True,-0.015124477871201124,-0.015124477871201124,0.0,0
-0.15684476816690138,-0.19090449820493607,-0.10877303264298453,0.3799447513038712,0.0,-0.01763055510438104,-0.027181247215081233,-0.19207496930540102,-0.00021634381644337908,-0.0039580996809273,0.008587770201058048,0.0,0.061531987604143426,0.0012553479034439834,-0.11043465358108115,FEB341FD-A4A6-EF11-B300-005056A80461,MONEY MARKET FUND,2025-01-27,0.0,0,1,False,-0.015124477871201124,-0.015124477871201124,0.0,0
-0.15684476816690138,-0.19090449820493607,-0.10877303264298453,0.3799447513038712,0.0,-0.01763055510438104,-0.027181247215081233,-0.19207496930540102,-0.00021634381644337908,-0.0039580996809273,0.008587770201058048,0.0,-0.00324029274379013,0.0012741522536803536,0.09206179059101,FEB341FD-A4A6-EF11-B300-005056A80461,MONEY MARKET FUND,2025-01-28,0.0,1,1,False,-0.015124477871201124,-0.015124477871201124,0.0,0
-0.15684476816690138,-0.19090449820493607,-0.10877303264298453,0.3799447513038712,0.0,-0.01763055510438104,-0.027181247215081233,-0.19207496930540102,-0.00021634381644337908,-0.0039580996809273,0.008587770201058048,0.0,-0.02536969164674003,0.0012600440814729559,-0.0640347267824715,FEB341FD-A4A6-EF11-B300-005056A80461,MONEY MARKET FUND,2025-01-29,0.0,2,1,False,-0.015124477871201124,-0.015124477871201124,0.0,0
-0.15684476816690138,-0.19090449820493607,-0.10877303264298453,0.3799447513038712,0.0,-0.01763055510438104,-0.027181247215081233,-0.19207496930540102,-0.00021634381644337908,-0.0039580996809273,0.008587770201058048,0.0,-0.025467570309523135,0.0012622307480559078,0.0132479424743009,FEB341FD-A4A6-EF11-B300-005056A80461,MONEY MARKET FUND,2025-01-30,0.0,3,1,False,-0.015124477871201124,-0.015124477871201124,0.0,0
-0.15684476816690138,-0.19090449820493607,-0.10877303264298453,0.3799447513038712,0.0,-0.01763055510438104,-0.027181247215081233,5.206300454537575,-0.00021634381644337908,-0.0039580996809273,0.008587770201058048,0.0,-0.02983503209917436,0.0012665532878290981,0.023377897329951915,FEB341FD-A4A6-EF11-B300-005056A80461,MONEY MARKET FUND,2025-01-31,0.0,4,1,False,-0.015124477871201124,-0.015124477871201124,0.0,0
-0.15684476816690138,-0.19090449820493607,-0.10877303264298453,0.3799447513038712,0.0,-0.01763055510438104,-0.027181247215081233,-0.19207496930540102,-0.00021634381644337908,-0.0039580996809273,0.008587770201058048,0.0,-0.03552088210895541,0.001264109085220136,-0.00871520406269722,FEB341FD-A4A6-EF11-B300-005056A80461,MONEY MARKET FUND,2025-02-01,0.0,5,2,True,-0.015124477871201124,-0.015124477871201124,0.0,0
-0.15684476816690138,-0.19090449820493607,-0.10877303264298453,0.3799447513038712,0.0,-0.01763055510438104,-0.027181247215081233,-0.19207496930540102,-0.00021634381644337908,-0.0039580996809273,0.008587770201058048,0.0,-0.045977184940426914,0.001264043684019487,0.0025669034094764386,FEB341FD-A4A6-EF11-B300-005056A80461,MONEY MARKET FUND,2025-02-02,0.0,6,2,True,-0.015124477871201124,-0.015124477871201124,0.0,0
-0.15684476816690138,-0.19090449820493607,-0.10877303264298453,0.3799447513038712,0.0,-0.01763055510438104,-0.027181247215081233,-0.19207496930540102,-0.00021634381644337908,-0.0039580996809273,0.008587770201058048,0.0,-0.0259555292088472,0.0012902805686753323,0.12731259034939774,FEB341FD-A4A6-EF11-B300-005056A80461,MONEY MARKET FUND,2025-02-03,0.0,0,2,False,-0.015124477871201124,-0.015124477871201124,0.0,0
-0.15684476816690138,-0.19090449820493607,-0.10877303264298453,0.3799447513038712,0.0,-0.01763055510438104,-0.027181247215081233,-0.19207496930540102,-0.00021634381644337908,-0.0039580996809273,0.008587770201058048,0.0,-0.012343101122996435,0.001243879256432325,-0.21719365598064558,FEB341FD-A4A6-EF11-B300-005056A80461,MONEY MARKET FUND,2025-02-04,0.0,1,2,False,-0.015124477871201124,-0.015124477871201124,0.0,0
-0.15684476816690138,-0.19090449820493607,-0.10877303264298453,0.3799447513038712,0.0,-0.01763055510438104,-0.027181247215081233,-0.19207496930540102,-0.00021634381644337908,-0.0039580996809273,0.008587770201058048,0.0,-0.01276951182194132,0.0012624515703607126,0.09096129580086997,FEB341FD-A4A6-EF11-B300-005056A80461,MONEY MARKET FUND,2025-02-05,0.0,2,2,False,-0.015124477871201124,-0.015124477871201124,0.0,0
-0.15684476816690138,-0.19090449820493607,-0.10877303264298453,0.3799447513038712,0.0,-0.01763055510438104,-0.027181247215081233,-0.19207496930540102,-0.00021634381644337908,-0.0039580996809273,0.008587770201058048,0.0,-0.006021434687348345,0.0012471915388981676,-0.06949773006521892,FEB341FD-A4A6-EF11-B300-005056A80461,MONEY MARKET FUND,2025-02-06,0.0,3,2,False,-0.015124477871201124,-0.015124477871201124,0.0,0
-0.15684476816690138,-0.19090449820493607,-0.10877303264298453,0.3799447513038712,0.0,-0.01763055510438104,-0.027181247215081233,-0.19207496930540102,-0.00021634381644337908,-0.0039580996809273,0.008587770201058048,0.0,-0.003292893742366427,0.0012494050361971905,0.013375194380169562,FEB341FD-A4A6-EF11-B300-005056A80461,MONEY MARKET FUND,2025-02-07,0.0,4,2,False,-0.015124477871201124,-0.015124477871201124,0.0,0
-0.15684476816690138,-0.19090449820493607,-0.10877303264298453,0.3799447513038712,0.0,-0.01763055510438104,-0.027181247215081233,-0.19207496930540102,-0.00021634381644337908,-0.0039580996809273,0.008587770201058048,0.0,-0.0021441210086656686,0.0012505693765061832,0.008399284300529768,FEB341FD-A4A6-EF11-B300-005056A80461,MONEY MARKET FUND,2025-02-08,0.0,5,2,True,-0.015124477871201124,-0.015124477871201124,0.0,0
-0.15684476816690138,-0.19090449820493607,-0.10877303264298453,0.3799447513038712,0.0,-0.01763055510438104,-0.027181247215081233,-0.19207496930540102,-0.00021634381644337908,-0.0039580996809273,0.008587770201058048,0.0,-0.002132784514001661,0.001250504917897534,0.0025713739063014784,FEB341FD-A4A6-EF11-B300-005056A80461,MONEY MARKET FUND,2025-02-09,0.0,6,2,True,-0.015124477871201124,-0.015124477871201124,0.0,0
-0.15684476816690138,-0.19090449820493607,-0.10877303264298453,0.3799447513038712,0.0,-0.01763055510438104,-0.027181247215081233,-0.19207496930540102,-0.00021634381644337908,-0.0039580996809273,0.008587770201058048,0.0,-0.042491051199009235,0.001259372022856423,0.04493172382972102,FEB341FD-A4A6-EF11-B300-005056A80461,MONEY MARKET FUND,2025-02-10,0.0,0,2,False,-0.015124477871201124,-0.015124477871201124,0.0,0
-0.15684476816690138,-0.19090449820493607,-0.10877303264298453,0.3799447513038712,0.0,-0.01763055510438104,-0.027181247215081233,-0.19207496930540102,-0.00021634381644337908,-0.0039580996809273,0.008587770201058048,0.0,-0.0437506120845308,0.0012454298960436535,-0.06324721169973048,FEB341FD-A4A6-EF11-B300-005056A80461,MONEY MARKET FUND,2025-02-11,0.0,1,2,False,-0.015124477871201124,-0.015124477871201124,0.0,0
-0.15684476816690138,-0.19090449820493607,-0.10877303264298453,0.3799447513038712,0.0,-0.01763055510438104,-0.027181247215081233,-0.19207496930540102,-0.00021634381644337908,-0.0039580996809273,0.008587770201058048,0.0,-0.0472031344729895,0.0012415757510714936,-0.015402236115701944,FEB341FD-A4A6-EF11-B300-005056A80461,MONEY MARKET FUND,2025-02-12,0.0,2,2,False,-0.015124477871201124,-0.015124477871201124,0.0,0
-0.15684476816690138,-0.19090449820493607,-0.10877303264298453,0.3799447513038712,0.0,-0.01763055510438104,-0.027181247215081233,-0.19207496930540102,-0.00021634381644337908,-0.0039580996809273,0.008587770201058048,0.0,-0.03652573693705956,0.0012650126164836818,0.11403274364884665,FEB341FD-A4A6-EF11-B300-005056A80461,MONEY MARKET FUND,2025-02-13,0.0,3,2,False,-0.015124477871201124,-0.015124477871201124,0.0,0
-0.15684476816690138,-0.19090449820493607,-0.10877303264298453,0.3799447513038712,0.0,-0.01763055510438104,-0.027181247215081233,-0.19207496930540102,-0.00021634381644337908,-0.0039580996809273,0.008587770201058048,0.0,0.004992901458281309,0.0012939159091526031,0.13995874974114067,FEB341FD-A4A6-EF11-B300-005056A80461,MONEY MARKET FUND,2025-02-14,0.0,4,2,False,-0.015124477871201124,-0.015124477871201124,0.0,0
-0.15684476816690138,-0.19090449820493607,-0.10877303264298453,0.3799447513038712,0.0,-0.01763055510438104,-0.027181247215081233,-0.19207496930540102,-0.00021634381644337908,-0.0039580996809273,0.008587770201058048,0.0,0.003918961446482766,0.0012554773156404021,-0.17942831408197063,FEB341FD-A4A6-EF11-B300-005056A80461,MONEY MARKET FUND,2025-02-15,0.0,5,2,True,-0.015124477871201124,-0.015124477871201124,0.0,0
-0.15684476816690138,-0.19090449820493607,-0.10877303264298453,0.3799447513038712,0.0,-0.01763055510438104,-0.027181247215081233,-0.19207496930540102,-0.00021634381644337908,-0.0039580996809273,0.008587770201058048,0.0,0.0026731378278301706,0.0012554124354711609,0.0025693745383744485,FEB341FD-A4A6-EF11-B300-005056A80461,MONEY MARKET FUND,2025-02-16,0.0,6,2,True,-0.015124477871201124,-0.015124477871201124,0.0,0
-0.15684476816690138,-0.19090449820493607,-0.10877303264298453,0.3799447513038712,0.0,-0.01763055510438104,-0.027181247215081233,-0.19207496930540102,-0.00021634381644337908,-0.0039580996809273,0.008587770201058048,0.0,0.0027321263543492575,0.0012576496396683537,0.013487630745051668,FEB341FD-A4A6-EF11-B300-005056A80461,MONEY MARKET FUND,2025-02-17,0.0,0,2,False,-0.015124477871201124,-0.015124477871201124,0.0,0
-0.15684476816690138,-0.19090449820493607,-0.10877303264298453,0.3799447513038712,0.0,-0.01763055510438104,-0.027181247215081233,-0.19207496930540102,-0.00021634381644337908,-0.0039580996809273,0.008587770201058048,0.0,-0.0002937450537449892,0.0012519001553519752,-0.02439139431535876,FEB341FD-A4A6-EF11-B300-005056A80461,MONEY MARKET FUND,2025-02-18,0.0,1,2,False,-0.015124477871201124,-0.015124477871201124,0.0,0
-0.15684476816690138,-0.19090449820493607,-0.10877303264298453,0.3799447513038712,0.0,-0.01763055510438104,-0.027181247215081233,-0.19207496930540102,-0.00021634381644337908,-0.0039580996809273,0.008587770201058048,0.0,-0.0014975630645375694,0.0012431122636450726,-0.03880186111380337,FEB341FD-A4A6-EF11-B300-005056A80461,MONEY MARKET FUND,2025-02-19,0.0,2,2,False,-0.015124477871201124,-0.015124477871201124,0.0,0
-0.15684476816690138,-0.19090449820493607,-0.10877303264298453,0.3799447513038712,0.0,-0.01763055510438104,-0.027181247215081233,-0.19207496930540102,-0.00021634381644337908,-0.0039580996809273,0.008587770201058048,0.0,-0.0007570894837583232,0.0012512785230382724,0.04160777465113388,FEB341FD-A4A6-EF11-B300-005056A80461,MONEY MARKET FUND,2025-02-20,0.0,3,2,False,-0.015124477871201124,-0.015124477871201124,0.0,0
-0.15684476816690138,-0.19090449820493607,-0.10877303264298453,0.3799447513038712,0.0,-0.01763055510438104,-0.027181247215081233,-0.19207496930540102,-0.00021634381644337908,-0.0039580996809273,0.008587770201058048,0.0,-0.048882317179877455,0.0012471206455604014,-0.01684276947467959,FEB341FD-A4A6-EF11-B300-005056A80461,MONEY MARKET FUND,2025-02-21,0.0,4,2,False,-0.015124477871201124,-0.015124477871201124,0.0,0
-0.15684476816690138,-0.19090449820493607,-0.10877303264298453,0.3799447513038712,0.0,-0.01763055510438104,-0.027181247215081233,-0.19207496930540102,-0.00021634381644337908,-0.0039580996809273,0.008587770201058048,0.0,-0.05006602318407652,0.001251230481635242,0.02236909265435067,FEB341FD-A4A6-EF11-B300-005056A80461,MONEY MARKET FUND,2025-02-22,0.0,5,2,True,-0.015124477871201124,-0.015124477871201124,0.0,0
-0.15684476816690138,-0.19090449820493607,-0.10877303264298453,0.3799447513038712,0.0,-0.01763055510438104,-0.027181247215081233,-0.19207496930540102,-0.00021634381644337908,-0.0039580996809273,0.008587770201058048,0.0,-0.05168435677603209,0.0012511658880323374,0.002570733659269024,FEB341FD-A4A6-EF11-B300-005056A80461,MONEY MARKET FUND,2025-02-23,0.0,6,2,True,-0.015124477871201124,-0.015124477871201124,0.0,0
-0.15684476816690138,-0.19090449820493607,-0.10877303264298453,0.3799447513038712,0.0,-0.01763055510438104,-0.027181247215081233,-0.19207496930540102,-0.00021634381644337908,-0.0039580996809273,0.008587770201058048,0.0,-0.05629970017513822,0.0012461028806732574,-0.021135592132349564,FEB341FD-A4A6-EF11-B300-005056A80461,MONEY MARKET FUND,2025-02-24,0.0,0,2,False,-0.015124477871201124,-0.015124477871201124,0.0,0
-0.15684476816690138,-0.19090449820493607,-0.10877303264298453,0.3799447513038712,0.0,-0.01763055510438104,-0.027181247215081233,-0.19207496930540102,-0.00021634381644337908,-0.0039580996809273,0.008587770201058048,0.0,-0.05745417030657555,0.001247725910403066,0.010574742626326012,FEB341FD-A4A6-EF11-B300-005056A80461,MONEY MARKET FUND,2025-02-25,0.0,1,2,False,-0.015124477871201124,-0.015124477871201124,0.0,0
-0.15684476816690138,-0.19090449820493607,-0.10877303264298453,0.3799447513038712,0.0,-0.01763055510438104,-0.027181247215081233,-0.19207496930540102,-0.00021634381644337908,-0.0039580996809273,0.008587770201058048,0.0,-0.05010512641858532,0.0012376247109588492,-0.04503057738296407,FEB341FD-A4A6-EF11-B300-005056A80461,MONEY MARKET FUND,2025-02-26,0.0,2,2,False,-0.015124477871201124,-0.015124477871201124,0.0,0
-0.15684476816690138,-0.19090449820493607,-0.10877303264298453,0.3799447513038712,0.0,-0.01763055510438104,-0.027181247215081233,-0.19207496930540102,-0.00021634381644337908,-0.0039580996809273,0.008587770201058048,0.0,-0.047794503127000086,0.0012391835307529115,0.010270209686797352,FEB341FD-A4A6-EF11-B300-005056A80461,MONEY MARKET FUND,2025-02-27,0.0,3,2,False,-0.015124477871201124,-0.015124477871201124,0.0,0
-0.15684476816690138,-0.19090449820493607,-0.10877303264298453,0.3799447513038712,0.0,-0.01763055510438104,-0.027181247215081233,5.206300454537575,-0.00021634381644337908,-0.0039580996809273,0.008587770201058048,0.0,-0.04319912536962611,0.0012359379473279035,-0.0125159687946548,FEB341FD-A4A6-EF11-B300-005056A80461,MONEY MARKET FUND,2025-02-28,0.0,4,2,False,-0.015124477871201124,-0.015124477871201124,0.0,0
-0.15684476816690138,-0.19090449820493607,-0.10877303264298453,0.3799447513038712,0.0,-0.01763055510438104,-0.027181247215081233,-0.19207496930540102,-0.00021634381644337908,-0.0039580996809273,0.008587770201058048,0.0,-0.04422838826054143,0.0012360911185265151,0.003603541982397404,FEB341FD-A4A6-EF11-B300-005056A80461,MONEY MARKET FUND,2025-03-01,0.0,5,3,True,-0.015124477871201124,-0.015124477871201124,0.0,0
-0.15684476816690138,-0.19090449820493607,-0.10877303264298453,0.3799447513038712,0.0,-0.01763055510438104,-0.027181247215081233,-0.19207496930540102,-0.00021634381644337908,-0.0039580996809273,0.008587770201058048,0.0,-0.049433536857051624,0.0012360276167193522,0.002575911797551491,FEB341FD-A4A6-EF11-B300-005056A80461,MONEY MARKET FUND,2025-03-02,0.0,6,3,True,-0.015124477871201124,-0.015124477871201124,0.0,0
-0.15684476816690138,-0.19090449820493607,-0.10877303264298453,0.3799447513038712,0.0,-0.01763055510438104,-0.027181247215081233,-0.19207496930540102,-0.00021634381644337908,-0.0039580996809273,0.008587770201058048,0.0,-0.05157154281570462,0.0012342246679678509,-0.005673884635673854,FEB341FD-A4A6-EF11-B300-005056A80461,MONEY MARKET FUND,2025-03-03,0.0,0,3,False,-0.015124477871201124,-0.015124477871201124,0.0,0
-0.15684476816690138,-0.19090449820493607,-0.10877303264298453,0.3799447513038712,0.0,-0.01763055510438104,-0.027181247215081233,-0.19207496930540102,-0.00021634381644337908,-0.0039580996809273,0.008587770201058048,0.0,-0.02813714803897479,0.0012104405852970573,-0.10992534268269508,FEB341FD-A4A6-EF11-B300-005056A80461,MONEY MARKET FUND,2025-03-04,0.0,1,3,False,-0.015124477871201124,-0.015124477871201124,0.0,0
-0.15684476816690138,-0.19090449820493607,-0.10877303264298453,0.3799447513038712,0.0,-0.01763055510438104,-0.027181247215081233,-0.19207496930540102,-0.00021634381644337908,-0.0039580996809273,0.008587770201058048,0.0,-0.028515926279654536,0.0012275646563661797,0.08409261330901735,FEB341FD-A4A6-EF11-B300-005056A80461,MONEY MARKET FUND,2025-03-05,0.0,2,3,False,-0.015124477871201124,-0.015124477871201124,0.0,0
-0.15684476816690138,-0.19090449820493607,-0.10877303264298453,0.3799447513038712,0.0,-0.01763055510438104,-0.027181247215081233,-0.19207496930540102,-0.00021634381644337908,-0.0039580996809273,0.008587770201058048,0.0,-0.03116032492042675,0.0012309192725806844,0.018787258710395854,FEB341FD-A4A6-EF11-B300-005056A80461,MONEY MARKET FUND,2025-03-06,0.0,3,3,False,-0.015124477871201124,-0.015124477871201124,0.0,0
-0.15684476816690138,-0.19090449820493607,-0.10877303264298453,0.3799447513038712,0.0,-0.01763055510438104,-0.027181247215081233,-0.19207496930540102,-0.00021634381644337908,-0.0039580996809273,0.008587770201058048,0.0,-0.03234034343158466,0.0012323832079391588,0.00982019464957223,FEB341FD-A4A6-EF11-B300-005056A80461,MONEY MARKET FUND,2025-03-07,0.0,4,3,False,-0.015124477871201124,-0.015124477871201124,0.0,0
-0.15684476816690138,-0.19090449820493607,-0.10877303264298453,0.3799447513038712,0.0,-0.01763055510438104,-0.027181247215081233,-0.19207496930540102,-0.00021634381644337908,-0.0039580996809273,0.008587770201058048,0.0,-0.03380958506729613,0.001232319952437662,0.0025770799675764807,FEB341FD-A4A6-EF11-B300-005056A80461,MONEY MARKET FUND,2025-03-08,0.0,5,3,True,-0.015124477871201124,-0.015124477871201124,0.0,0
-0.15684476816690138,-0.19090449820493607,-0.10877303264298453,0.3799447513038712,0.0,-0.01763055510438104,-0.027181247215081233,-0.19207496930540102,-0.00021634381644337908,-0.0039580996809273,0.008587770201058048,0.0,-0.03549410413165964,0.0012322566945683771,0.0025770687351724247,FEB341FD-A4A6-EF11-B300-005056A80461,MONEY MARKET FUND,2025-03-09,0.0,6,3,True,-0.015124477871201124,-0.015124477871201124,0.0,0
-0.15684476816690138,-0.19090449820493607,-0.10877303264298453,0.3799447513038712,0.0,-0.01763055510438104,-0.027181247215081233,-0.19207496930540102,-0.00021634381644337908,-0.0039580996809273,0.008587770201058048,0.0,-0.03712252208394177,0.0012282427636757802,-0.016160063954447666,FEB341FD-A4A6-EF11-B300-005056A80461,MONEY MARKET FUND,2025-03-10,0.0,0,3,False,-0.015124477871201124,-0.015124477871201124,0.0,0
-0.15684476816690138,-0.19090449820493607,-0.10877303264298453,0.3799447513038712,0.0,-0.01763055510438104,-0.027181247215081233,-0.19207496930540102,-0.00021634381644337908,-0.0039580996809273,0.008587770201058048,0.0,-0.03780418694681825,0.0012503532837397555,0.10774219299520266,FEB341FD-A4A6-EF11-B300-005056A80461,MONEY MARKET FUND,2025-03-11,0.0,1,3,False,-0.015124477871201124,-0.015124477871201124,0.0,0
-0.15684476816690138,-0.19090449820493607,-0.10877303264298453,0.3799447513038712,0.0,-0.01763055510438104,-0.027181247215081233,-0.19207496930540102,-0.00021634381644337908,-0.0039580996809273,0.008587770201058048,0.0,-0.03524271731726,0.0012237371289606277,-0.12335720874012095,FEB341FD-A4A6-EF11-B300-005056A80461,MONEY MARKET FUND,2025-03-12,0.0,2,3,False,-0.015124477871201124,-0.015124477871201124,0.0,0
-0.15684476816690138,-0.19090449820493607,-0.10877303264298453,0.3799447513038712,0.0,-0.01763055510438104,-0.027181247215081233,-0.19207496930540102,-0.00021634381644337908,-0.0039580996809273,0.008587770201058048,0.0,-0.03211886605771648,0.0012235288966532909,0.001889488351568177,FEB341FD-A4A6-EF11-B300-005056A80461,MONEY MARKET FUND,2025-03-13,0.0,3,3,False,-0.015124477871201124,-0.015124477871201124,0.0,0
-0.15684476816690138,-0.19090449820493607,-0.10877303264298453,0.3799447513038712,0.0,-0.01763055510438104,-0.027181247215081233,-0.19207496930540102,-0.00021634381644337908,-0.0039580996809273,0.008587770201058048,0.0,-0.02099380392241957,0.0012123453245106422,-0.05016402192988406,FEB341FD-A4A6-EF11-B300-005056A80461,MONEY MARKET FUND,2025-03-14,0.0,4,3,False,-0.015124477871201124,-0.015124477871201124,0.0,0
-0.15684476816690138,-0.19090449820493607,-0.10877303264298453,0.3799447513038712,0.0,-0.01763055510438104,-0.027181247215081233,-0.19207496930540102,-0.00021634381644337908,-0.0039580996809273,0.008587770201058048,0.0,-0.014922322224132962,0.0012122835326320016,0.0025840215933001683,FEB341FD-A4A6-EF11-B300-005056A80461,MONEY MARKET FUND,2025-03-15,0.0,5,3,True,-0.015124477871201124,-0.015124477871201124,0.0,0
-0.15684476816690138,-0.19090449820493607,-0.10877303264298453,0.3799447513038712,0.0,-0.01763055510438104,-0.027181247215081233,-0.19207496930540102,-0.00021634381644337908,-0.0039580996809273,0.008587770201058048,0.0,-0.012311395180950195,0.0012122217431217008,0.002584032825704224,FEB341FD-A4A6-EF11-B300-005056A80461,MONEY MARKET FUND,2025-03-16,0.0,6,3,True,-0.015124477871201124,-0.015124477871201124,0.0,0
-0.15684476816690138,-0.19090449820493607,-0.10877303264298453,0.3799447513038712,0.0,-0.01763055510438104,-0.027181247215081233,-0.19207496930540102,-0.00021634381644337908,-0.0039580996809273,0.008587770201058048,0.0,-0.0057816059338201145,0.0012039295150714203,-0.03645104249544577,FEB341FD-A4A6-EF11-B300-005056A80461,MONEY MARKET FUND,2025-03-17,0.0,0,3,False,-0.015124477871201124,-0.015124477871201124,0.0,0
-0.15684476816690138,-0.19090449820493607,-0.10877303264298453,0.3799447513038712,0.0,-0.01763055510438104,-0.027181247215081233,-0.19207496930540102,-0.00021634381644337908,-0.0039580996809273,0.008587770201058048,0.0,-0.018036907487967137,0.0012415520275943948,0.18131200231437927,FEB341FD-A4A6-EF11-B300-005056A80461,MONEY MARKET FUND,2025-03-18,0.0,1,3,False,-0.015124477871201124,-0.015124477871201124,0.0,0
-0.15684476816690138,-0.19090449820493607,-0.10877303264298453,0.3799447513038712,0.0,-0.01763055510438104,-0.027181247215081233,-0.19207496930540102,-0.00021634381644337908,-0.0039580996809273,0.008587770201058048,0.0,-0.013175602391826682,0.001202092130924333,-0.18427211985717756,FEB341FD-A4A6-EF11-B300-005056A80461,MONEY MARKET FUND,2025-03-19,0.0,2,3,False,-0.015124477871201124,-0.015124477871201124,0.0,0
-0.15684476816690138,-0.19090449820493607,-0.10877303264298453,0.3799447513038712,0.0,-0.01763055510438104,-0.027181247215081233,-0.19207496930540102,-0.00021634381644337908,-0.0039580996809273,0.008587770201058048,0.0,-0.011580780826078222,0.0012014004270800949,-0.0004035058505642488,FEB341FD-A4A6-EF11-B300-005056A80461,MONEY MARKET FUND,2025-03-20,0.0,3,3,False,-0.015124477871201124,-0.015124477871201124,0.0,0
-0.15684476816690138,-0.19090449820493607,-0.10877303264298453,0.3799447513038712,0.0,-0.01763055510438104,-0.027181247215081233,-0.19207496930540102,-0.00021634381644337908,-0.0039580996809273,0.008587770201058048,0.0,-0.008902520754521226,0.0012011230397824867,0.0015615021523120685,FEB341FD-A4A6-EF11-B300-005056A80461,MONEY MARKET FUND,2025-03-21,0.0,4,3,False,-0.015124477871201124,-0.015124477871201124,0.0,0
-0.15684476816690138,-0.19090449820493607,-0.10877303264298453,0.3799447513038712,0.0,-0.01763055510438104,-0.027181247215081233,-0.19207496930540102,-0.00021634381644337908,-0.0039580996809273,0.008587770201058048,0.0,-0.007161706313435433,0.0012010620578704815,0.0025878630754971287,FEB341FD-A4A6-EF11-B300-005056A80461,MONEY MARKET FUND,2025-03-22,0.0,5,3,True,-0.015124477871201124,-0.015124477871201124,0.0,0
-0.15684476816690138,-0.19090449820493607,-0.10877303264298453,0.3799447513038712,0.0,-0.01763055510438104,-0.027181247215081233,-0.19207496930540102,-0.00021634381644337908,-0.0039580996809273,0.008587770201058048,0.0,-0.0062823644291071295,0.0012010010759573738,0.0025878630754971287,FEB341FD-A4A6-EF11-B300-005056A80461,MONEY MARKET FUND,2025-03-23,0.0,6,3,True,-0.015124477871201124,-0.015124477871201124,0.0,0
-0.15684476816690138,-0.19090449820493607,-0.10877303264298453,0.3799447513038712,0.0,-0.01763055510438104,-0.027181247215081233,-0.19207496930540102,-0.00021634381644337908,-0.0039580996809273,0.008587770201058048,0.0,-0.0015750210030596003,0.0011920082675943387,-0.03977373364477643,FEB341FD-A4A6-EF11-B300-005056A80461,MONEY MARKET FUND,2025-03-24,0.0,0,3,False,-0.015124477871201124,-0.015124477871201124,0.0,0
-0.15684476816690138,-0.19090449820493607,-0.10877303264298453,0.3799447513038712,0.0,-0.01763055510438104,-0.027181247215081233,-0.19207496930540102,-0.00021634381644337908,-0.0039580996809273,0.008587770201058048,0.0,-0.05588678170488278,0.0012004414960385668,0.042873947401514324,FEB341FD-A4A6-EF11-B300-005056A80461,MONEY MARKET FUND,2025-03-25,0.0,1,3,False,-0.015124477871201124,-0.015124477871201124,0.0,0
-0.15684476816690138,-0.19090449820493607,-0.10877303264298453,0.3799447513038712,0.0,-0.01763055510438104,-0.027181247215081233,-0.19207496930540102,-0.00021634381644337908,-0.0039580996809273,0.008587770201058048,0.0,-0.04642705289937774,0.0011873000205987545,-0.059449906548231006,FEB341FD-A4A6-EF11-B300-005056A80461,MONEY MARKET FUND,2025-03-26,0.0,2,3,False,-0.015124477871201124,-0.015124477871201124,0.0,0
-0.15684476816690138,-0.19090449820493607,-0.10877303264298453,0.3799447513038712,0.0,-0.01763055510438104,-0.027181247215081233,-0.19207496930540102,-0.00021634381644337908,-0.0039580996809273,0.008587770201058048,0.0,-0.04221429918098008,0.0011869916438137897,0.001414526144871721,FEB341FD-A4A6-EF11-B300-005056A80461,MONEY MARKET FUND,2025-03-27,0.0,3,3,False,-0.015124477871201124,-0.015124477871201124,0.0,0
-0.15684476816690138,-0.19090449820493607,-0.10877303264298453,0.3799447513038712,0.0,-0.01763055510438104,-0.027181247215081233,-0.19207496930540102,-0.00021634381644337908,-0.0039580996809273,0.008587770201058048,0.0,-0.04101176756019368,0.0011866277014676207,0.0011509914802505946,FEB341FD-A4A6-EF11-B300-005056A80461,MONEY MARKET FUND,2025-03-28,0.0,4,3,False,-0.015124477871201124,-0.015124477871201124,0.0,0
-0.15684476816690138,-0.19090449820493607,-0.10877303264298453,0.3799447513038712,0.0,-0.01763055510438104,-0.027181247215081233,-0.19207496930540102,-0.00021634381644337908,-0.0039580996809273,0.008587770201058048,0.0,-0.04287750157976187,0.0011865670771715898,0.002589559168513696,FEB341FD-A4A6-EF11-B300-005056A80461,MONEY MARKET FUND,2025-03-29,0.0,5,3,True,-0.015124477871201124,-0.015124477871201124,0.0,0
-0.15684476816690138,-0.19090449820493607,-0.10877303264298453,0.3799447513038712,0.0,-0.01763055510438104,-0.027181247215081233,-0.19207496930540102,-0.00021634381644337908,-0.0039580996809273,0.008587770201058048,0.0,-0.04856694462046835,0.0011865064552438983,0.002589570400917752,FEB341FD-A4A6-EF11-B300-005056A80461,MONEY MARKET FUND,2025-03-30,0.0,6,3,True,-0.015124477871201124,-0.015124477871201124,0.0,0
-0.15684476816690138,-0.19090449820493607,-0.10877303264298453,0.3799447513038712,0.0,-0.01763055510438104,-0.027181247215081233,5.206300454537575,-0.00021634381644337908,-0.0039580996809273,0.008587770201058048,0.0,-0.04866829169816021,0.001186445833316207,0.002589570400917752,FEB341FD-A4A6-EF11-B300-005056A80461,MONEY MARKET FUND,2025-03-31,0.0,0,3,False,-0.015124477871201124,-0.015124477871201124,0.0,0
-0.15684476816690138,-0.19090449820493607,-0.10877303264298453,0.3799447513038712,0.0,-0.01763055510438104,-0.027181247215081233,-0.19207496930540102,-0.00021634381644337908,-0.0039580996809273,0.008587770201058048,0.0,-0.06604937642197074,0.001189630103263869,0.01797934558183884,FEB341FD-A4A6-EF11-B300-005056A80461,MONEY MARKET FUND,2025-04-01,0.0,1,4,False,-0.015124477871201124,-0.015124477871201124,0.0,0
-0.15684476816690138,-0.19090449820493607,-0.10877303264298453,0.3799447513038712,0.0,-0.01763055510438104,-0.027181247215081233,-0.19207496930540102,-0.00021634381644337908,-0.0039580996809273,0.008587770201058048,0.0,-0.0652159855414328,0.001188966762439855,-0.0002689865792533246,FEB341FD-A4A6-EF11-B300-005056A80461,MONEY MARKET FUND,2025-04-02,0.0,2,4,False,-0.015124477871201124,-0.015124477871201124,0.0,0
-0.15684476816690138,-0.19090449820493607,-0.10877303264298453,0.3799447513038712,0.0,-0.01763055510438104,-0.027181247215081233,-0.19207496930540102,-0.00021634381644337908,-0.0039580996809273,0.008587770201058048,0.0,-0.054083172839095306,0.0011776748608990622,-0.050677803325094854,FEB341FD-A4A6-EF11-B300-005056A80461,MONEY MARKET FUND,2025-04-03,0.0,3,4,False,-0.015124477871201124,-0.015124477871201124,0.0,0
-0.15684476816690138,-0.19090449820493607,-0.10877303264298453,0.3799447513038712,0.0,-0.01763055510438104,-0.027181247215081233,-0.19207496930540102,-0.00021634381644337908,-0.0039580996809273,0.008587770201058048,0.0,-0.03566986855838783,0.0011668478064141214,-0.048473140748679935,FEB341FD-A4A6-EF11-B300-005056A80461,MONEY MARKET FUND,2025-04-04,0.0,4,4,False,-0.015124477871201124,-0.015124477871201124,0.0,0
-0.15684476816690138,-0.19090449820493607,-0.10877303264298453,0.3799447513038712,0.0,-0.01763055510438104,-0.027181247215081233,-0.19207496930540102,-0.00021634381644337908,-0.0039580996809273,0.008587770201058048,0.0,-0.027038871075853014,0.0011660928778568014,-0.0007033661099935876,FEB341FD-A4A6-EF11-B300-005056A80461,MONEY MARKET FUND,2025-04-05,0.0,5,4,True,-0.015124477871201124,-0.015124477871201124,0.0,0
-0.15684476816690138,-0.19090449820493607,-0.10877303264298453,0.3799447513038712,0.0,-0.01763055510438104,-0.027181247215081233,-0.19207496930540102,-0.00021634381644337908,-0.0039580996809273,0.008587770201058048,0.0,-0.023497504170134097,0.0011660343424208747,0.002599466148916081,FEB341FD-A4A6-EF11-B300-005056A80461,MONEY MARKET FUND,2025-04-06,0.0,6,4,True,-0.015124477871201124,-0.015124477871201124,0.0,0
-0.15684476816690138,-0.19090449820493607,-0.10877303264298453,0.3799447513038712,0.0,-0.01763055510438104,-0.027181247215081233,-0.19207496930540102,-0.00021634381644337908,-0.0039580996809273,0.008587770201058048,0.0,-0.025498615612487202,0.0011694687142332785,0.019165521150331884,FEB341FD-A4A6-EF11-B300-005056A80461,MONEY MARKET FUND,2025-04-07,0.0,0,4,False,-0.015124477871201124,-0.015124477871201124,0.0,0
-0.15684476816690138,-0.19090449820493607,-0.10877303264298453,0.3799447513038712,0.0,-0.01763055510438104,-0.027181247215081233,-0.19207496930540102,-0.00021634381644337908,-0.0039580996809273,0.008587770201058048,0.0,-0.024903494211617045,0.0011902248622324906,0.10131871807162814,FEB341FD-A4A6-EF11-B300-005056A80461,MONEY MARKET FUND,2025-04-08,0.0,1,4,False,-0.015124477871201124,-0.015124477871201124,0.0,0
-0.15684476816690138,-0.19090449820493607,-0.10877303264298453,0.3799447513038712,0.0,-0.01763055510438104,-0.027181247215081233,-0.19207496930540102,-0.00021634381644337908,-0.0039580996809273,0.008587770201058048,0.0,-0.02222480353886188,0.0011917081515145519,0.009911985855747525,FEB341FD-A4A6-EF11-B300-005056A80461,MONEY MARKET FUND,2025-04-09,0.0,2,4,False,-0.015124477871201124,-0.015124477871201124,0.0,0
-0.15684476816690138,-0.19090449820493607,-0.10877303264298453,0.3799447513038712,0.0,-0.01763055510438104,-0.027181247215081233,-0.19207496930540102,-0.00021634381644337908,-0.0039580996809273,0.008587770201058048,0.0,-0.015487469368411213,0.0011916116826713387,0.0024195567327006556,FEB341FD-A4A6-EF11-B300-005056A80461,MONEY MARKET FUND,2025-04-10,0.0,3,4,False,-0.015124477871201124,-0.015124477871201124,0.0,0
-0.15684476816690138,-0.19090449820493607,-0.10877303264298453,0.3799447513038712,0.0,-0.01763055510438104,-0.027181247215081233,-0.19207496930540102,-0.00021634381644337908,-0.0039580996809273,0.008587770201058048,0.0,-0.015134120852389705,0.0011921242300920731,0.005307980675331611,FEB341FD-A4A6-EF11-B300-005056A80461,MONEY MARKET FUND,2025-04-11,0.0,4,4,False,-0.015124477871201124,-0.015124477871201124,0.0,0
-0.15684476816690138,-0.19090449820493607,-0.10877303264298453,0.3799447513038712,0.0,-0.01763055510438104,-0.027181247215081233,-0.19207496930540102,-0.00021634381644337908,-0.0039580996809273,0.008587770201058048,0.0,-0.02087208387533876,0.0011920637881576413,0.002590424063628223,FEB341FD-A4A6-EF11-B300-005056A80461,MONEY MARKET FUND,2025-04-12,0.0,5,4,True,-0.015124477871201124,-0.015124477871201124,0.0,0
-0.15684476816690138,-0.19090449820493607,-0.10877303264298453,0.3799447513038712,0.0,-0.01763055510438104,-0.027181247215081233,-0.19207496930540102,-0.00021634381644337908,-0.0039580996809273,0.008587770201058048,0.0,-0.03489936173025102,0.0011920033462215552,0.002590424063628223,FEB341FD-A4A6-EF11-B300-005056A80461,MONEY MARKET FUND,2025-04-13,0.0,6,4,True,-0.015124477871201124,-0.015124477871201124,0.0,0
-0.15684476816690138,-0.19090449820493607,-0.10877303264298453,0.3799447513038712,0.0,-0.01763055510438104,-0.027181247215081233,-0.19207496930540102,-0.00021634381644337908,-0.0039580996809273,0.008587770201058048,0.0,-0.04831341081812052,0.0011777853454691656,-0.06455561828946746,FEB341FD-A4A6-EF11-B300-005056A80461,MONEY MARKET FUND,2025-04-14,0.0,0,4,False,-0.015124477871201124,-0.015124477871201124,0.0,0
-0.15684476816690138,-0.19090449820493607,-0.10877303264298453,0.3799447513038712,0.0,-0.01763055510438104,-0.027181247215081233,-0.19207496930540102,-0.00021634381644337908,-0.0039580996809273,0.008587770201058048,0.0,-0.04770338024142897,0.0011928803570198663,0.0744692511099639,FEB341FD-A4A6-EF11-B300-005056A80461,MONEY MARKET FUND,2025-04-15,0.0,1,4,False,-0.015124477871201124,-0.015124477871201124,0.0,0
-0.15684476816690138,-0.19090449820493607,-0.10877303264298453,0.3799447513038712,0.0,-0.01763055510438104,-0.027181247215081233,-0.19207496930540102,-0.00021634381644337908,-0.0039580996809273,0.008587770201058048,0.0,-0.04762882500993238,0.0011874700495108454,-0.022782756796858285,FEB341FD-A4A6-EF11-B300-005056A80461,MONEY MARKET FUND,2025-04-16,0.0,2,4,False,-0.015124477871201124,-0.015124477871201124,0.0,0
-0.15684476816690138,-0.19090449820493607,-0.10877303264298453,0.3799447513038712,0.0,-0.01763055510438104,-0.027181247215081233,-0.19207496930540102,-0.00021634381644337908,-0.0039580996809273,0.008587770201058048,0.0,-0.04756245520417296,0.0011918325452373655,0.023567399219254565,FEB341FD-A4A6-EF11-B300-005056A80461,MONEY MARKET FUND,2025-04-17,0.0,3,4,False,-0.015124477871201124,-0.015124477871201124,0.0,0
-0.15684476816690138,-0.19090449820493607,-0.10877303264298453,0.3799447513038712,0.0,-0.01763055510438104,-0.027181247215081233,-0.19207496930540102,-0.00021634381644337908,-0.0039580996809273,0.008587770201058048,0.0,-0.017882771620220853,0.0012185484631953027,0.12958453502627704,FEB341FD-A4A6-EF11-B300-005056A80461,MONEY MARKET FUND,2025-04-18,0.0,4,4,False,-0.015124477871201124,-0.015124477871201124,0.0,0
-0.15684476816690138,-0.19090449820493607,-0.10877303264298453,0.3799447513038712,0.0,-0.01763055510438104,-0.027181247215081233,-0.19207496930540102,-0.00021634381644337908,-0.0039580996809273,0.008587770201058048,0.0,-0.017926606691017012,0.0011931551699521595,-0.11755745798293224,FEB341FD-A4A6-EF11-B300-005056A80461,MONEY MARKET FUND,2025-04-19,0.0,5,4,True,-0.015124477871201124,-0.015124477871201124,0.0,0
-0.15684476816690138,-0.19090449820493607,-0.10877303264298453,0.3799447513038712,0.0,-0.01763055510438104,-0.027181247215081233,-0.19207496930540102,-0.00021634381644337908,-0.0039580996809273,0.008587770201058048,0.0,-0.01798414535873185,0.0011930946403886104,0.0025900084646772025,FEB341FD-A4A6-EF11-B300-005056A80461,MONEY MARKET FUND,2025-04-20,0.0,6,4,True,-0.015124477871201124,-0.015124477871201124,0.0,0
-0.15684476816690138,-0.19090449820493607,-0.10877303264298453,0.3799447513038712,0.0,-0.01763055510438104,-0.027181247215081233,-0.19207496930540102,-0.00021634381644337908,-0.0039580996809273,0.008587770201058048,0.0,-0.026867584374963952,0.0011930336229509597,0.002587694589435654,FEB341FD-A4A6-EF11-B300-005056A80461,MONEY MARKET FUND,2025-04-21,0.0,0,4,False,-0.015124477871201124,-0.015124477871201124,0.0,0
-0.15684476816690138,-0.19090449820493607,-0.10877303264298453,0.3799447513038712,0.0,-0.01763055510438104,-0.027181247215081233,-0.19207496930540102,-0.00021634381644337908,-0.0039580996809273,0.008587770201058048,0.0,-0.019230920570491673,0.0012131966011264062,0.0985054501447241,FEB341FD-A4A6-EF11-B300-005056A80461,MONEY MARKET FUND,2025-04-22,0.0,1,4,False,-0.015124477871201124,-0.015124477871201124,0.0,0
-0.15684476816690138,-0.19090449820493607,-0.10877303264298453,0.3799447513038712,0.0,-0.01763055510438104,-0.027181247215081233,-0.19207496930540102,-0.00021634381644337908,-0.0039580996809273,0.008587770201058048,0.0,-0.023298150831791067,0.0012044043043408972,-0.03882275338540005,FEB341FD-A4A6-EF11-B300-005056A80461,MONEY MARKET FUND,2025-04-23,0.0,2,4,False,-0.015124477871201124,-0.015124477871201124,0.0,0
-0.15684476816690138,-0.19090449820493607,-0.10877303264298453,0.3799447513038712,0.0,-0.01763055510438104,-0.027181247215081233,-0.19207496930540102,-0.00021634381644337908,-0.0039580996809273,0.008587770201058048,0.0,-0.024103449598160704,0.0012118667672409535,0.03826982989705753,FEB341FD-A4A6-EF11-B300-005056A80461,MONEY MARKET FUND,2025-04-24,0.0,3,4,False,-0.015124477871201124,-0.015124477871201124,0.0,0
-0.15684476816690138,-0.19090449820493607,-0.10877303264298453,0.3799447513038712,0.0,-0.01763055510438104,-0.027181247215081233,-0.19207496930540102,-0.00021634381644337908,-0.0039580996809273,0.008587770201058048,0.0,-0.032553740358940826,0.0011972071763507659,-0.06664997865777693,FEB341FD-A4A6-EF11-B300-005056A80461,MONEY MARKET FUND,2025-04-25,0.0,4,4,False,-0.015124477871201124,-0.015124477871201124,0.0,0
-0.15684476816690138,-0.19090449820493607,-0.10877303264298453,0.3799447513038712,0.0,-0.01763055510438104,-0.027181247215081233,-0.19207496930540102,-0.00021634381644337908,-0.0039580996809273,0.008587770201058048,0.0,-0.0345122101493295,0.0011971462796973328,0.002588267442044093,FEB341FD-A4A6-EF11-B300-005056A80461,MONEY MARKET FUND,2025-04-26,0.0,5,4,True,-0.015124477871201124,-0.015124477871201124,0.0,0
-0.15684476816690138,-0.19090449820493607,-0.10877303264298453,0.3799447513038712,0.0,-0.01763055510438104,-0.027181247215081233,-0.19207496930540102,-0.00021634381644337908,-0.0039580996809273,0.008587770201058048,0.0,-0.03680748963122282,0.0011970853830444513,0.002588267442044093,FEB341FD-A4A6-EF11-B300-005056A80461,MONEY MARKET FUND,2025-04-27,0.0,6,4,True,-0.015124477871201124,-0.015124477871201124,0.0,0
-0.15684476816690138,-0.19090449820493607,-0.10877303264298453,0.3799447513038712,0.0,-0.01763055510438104,-0.027181247215081233,-0.19207496930540102,-0.00021634381644337908,-0.0039580996809273,0.008587770201058048,0.0,-0.04102299915463353,0.0012060368594598663,0.04533187822521756,FEB341FD-A4A6-EF11-B300-005056A80461,MONEY MARKET FUND,2025-04-28,0.0,0,4,False,-0.015124477871201124,-0.015124477871201124,0.0,0
-0.15684476816690138,-0.19090449820493607,-0.10877303264298453,0.3799447513038712,0.0,-0.01763055510438104,-0.027181247215081233,-0.19207496930540102,-0.00021634381644337908,-0.0039580996809273,0.008587770201058048,0.0,-0.046066470837996545,0.0012060100974256444,0.002750160082108137,FEB341FD-A4A6-EF11-B300-005056A80461,MONEY MARKET FUND,2025-04-29,0.0,1,4,False,-0.015124477871201124,-0.015124477871201124,0.0,0
-0.15684476816690138,-0.19090449820493607,-0.10877303264298453,0.3799447513038712,0.0,-0.01763055510438104,-0.027181247215081233,5.206300454537575,-0.00021634381644337908,-0.0039580996809273,0.008587770201058048,0.0,-0.03869753381806371,0.0011897725317561298,-0.0741339497805478,FEB341FD-A4A6-EF11-B300-005056A80461,MONEY MARKET FUND,2025-04-30,0.0,2,4,False,-0.015124477871201124,-0.015124477871201124,0.0,0
