anomaly_score_adjusted,has_activity,outflow_to_inflow,zero_activity_freq,outflows,gross_activity,balance_anomaly_flag,is_income_distribution_day,outflow_diff,has_reversal,inflow_diff,inflows,rolling_income_std,balance_change,income_diff,clientid,fundname,transactiondate,anomaly_score,dayofweek,month,is_weekend,lag_inflows,rolling_mean_inflows,rolling_std_inflows,is_anomaly
-0.15684476816690138,5.238221254097949,-0.10877303264298453,-8.033819843083116,0.0,0.07717796172152772,-0.027181247215081233,-0.19207496930540102,-0.00021634381644337908,-0.0039580996809273,0.008587770201058048,0.10172881468803842,-0.07091369180769326,0.0006020355448156202,0.002877086248258544,C050A9DC-1FEE-EF11-B302-005056A80461,MONEY MARKET FUND,2025-02-26,0.0,2,2,False,-0.015124477871201124,0.007133292140082598,0.044166393134709506,1
-0.15684476816690138,-0.19090449820493607,-0.10877303264298453,-3.826937545889623,0.0,-0.01763055510438104,-0.027181247215081233,-0.19207496930540102,-0.00021634381644337908,-0.0039580996809273,-0.10011140556412446,0.0,-0.07073493509011979,0.0006289081438244649,0.0031566944831240814,C050A9DC-1FEE-EF11-B302-005056A80461,MONEY MARKET FUND,2025-02-27,0.0,3,2,False,0.10172881468803842,0.007133292140082598,0.044166393134709506,1
-0.15684476816690138,-0.19090449820493607,-0.10877303264298453,-2.424643446825125,0.0,-0.01763055510438104,-0.027181247215081233,5.206300454537575,-0.00021634381644337908,-0.0039580996809273,0.008587770201058048,0.0,-0.07063683466866373,0.0006287791721358897,0.002265403219050632,C050A9DC-1FEE-EF11-B302-005056A80461,MONEY MARKET FUND,2025-02-28,0.0,4,2,False,-0.015124477871201124,0.0071332921400825994,0.044166393134709506,0
-0.15684476816690138,-0.19090449820493607,-0.10877303264298453,-1.7234963972928758,0.0,-0.01763055510438104,-0.027181247215081233,-0.19207496930540102,-0.00021634381644337908,-0.0039580996809273,0.008587770201058048,0.0,-0.07044253800848424,0.0006286526942899438,0.0022772309405511976,C050A9DC-1FEE-EF11-B302-005056A80461,MONEY MARKET FUND,2025-03-01,0.0,5,3,True,-0.015124477871201124,0.007133292140082599,0.044166393134709506,0
-0.15684476816690138,-0.19090449820493607,-0.10877303264298453,-1.302808167573526,0.0,-0.01763055510438104,-0.027181247215081233,-0.19207496930540102,-0.00021634381644337908,-0.0039580996809273,0.008587770201058048,0.0,-0.0704174554601524,0.0006286500275598492,0.002864438561259854,C050A9DC-1FEE-EF11-B302-005056A80461,MONEY MARKET FUND,2025-03-02,0.0,6,3,True,-0.015124477871201124,0.007133292140082598,0.044166393134709506,0
-0.15684476816690138,-0.19090449820493607,-0.10877303264298453,-1.0223493477606265,0.0,-0.01763055510438104,-0.027181247215081233,-0.19207496930540102,-0.00021634381644337908,-0.0039580996809273,0.008587770201058048,0.0,-0.07035621532262692,0.0006285751601778752,0.0025220074903519467,C050A9DC-1FEE-EF11-B302-005056A80461,MONEY MARKET FUND,2025-03-03,0.0,0,3,False,-0.015124477871201124,0.001568849637261668,0.044166393134709096,0
-0.15684476816690138,-0.19090449820493607,-0.10877303264298453,-0.8220216193228418,0.0,-0.01763055510438104,-0.027181247215081233,-0.19207496930540102,-0.00021634381644337908,-0.0039580996809273,0.008587770201058048,0.0,-0.06896779406435961,0.0006275768865780676,-0.0018574956296350514,C050A9DC-1FEE-EF11-B302-005056A80461,MONEY MARKET FUND,2025-03-04,0.0,1,3,False,-0.015124477871201124,0.001568849637261668,0.044166393134709096,0
-0.15684476816690138,-0.19090449820493607,-0.10877303264298453,0.3799447513038712,0.0,-0.01763055510438104,-0.027181247215081233,-0.19207496930540102,-0.00021634381644337908,-0.0039580996809273,0.008587770201058048,0.0,-0.06900471475628174,0.0006282961434752573,0.006288356136196,C050A9DC-1FEE-EF11-B302-005056A80461,MONEY MARKET FUND,2025-03-05,0.0,2,3,False,-0.015124477871201124,-0.015124477871201124,0.0,0
-0.15684476816690138,-0.19090449820493607,-0.10877303264298453,0.3799447513038712,0.0,-0.01763055510438104,-0.027181247215081233,-0.19207496930540102,-0.00021634381644337908,-0.0039580996809273,0.008587770201058048,0.0,-0.06917503380015373,0.0006284332598217651,0.0035273975151116624,C050A9DC-1FEE-EF11-B302-005056A80461,MONEY MARKET FUND,2025-03-06,0.0,3,3,False,-0.015124477871201124,-0.015124477871201124,0.0,0
-0.15684476816690138,-0.19090449820493607,-0.10877303264298453,0.3799447513038712,0.0,-0.01763055510438104,-0.027181247215081233,-0.19207496930540102,-0.00021634381644337908,-0.0039580996809273,0.008587770201058048,0.0,-0.06929627510776389,0.0006284960913934338,0.0031750819286097613,C050A9DC-1FEE-EF11-B302-005056A80461,MONEY MARKET FUND,2025-03-07,0.0,4,3,False,-0.015124477871201124,-0.015124477871201124,0.0,0
-0.15684476816690138,-0.19090449820493607,-0.10877303264298453,0.3799447513038712,0.0,-0.01763055510438104,-0.027181247215081233,-0.19207496930540102,-0.00021634381644337908,-0.0039580996809273,0.008587770201058048,0.0,-0.06935828005556853,0.0006284934365049167,0.0028644947232802525,C050A9DC-1FEE-EF11-B302-005056A80461,MONEY MARKET FUND,2025-03-08,0.0,5,3,True,-0.015124477871201124,-0.015124477871201124,0.0,0
-0.15684476816690138,-0.19090449820493607,-0.10877303264298453,0.3799447513038712,0.0,-0.01763055510438104,-0.027181247215081233,-0.19207496930540102,-0.00021634381644337908,-0.0039580996809273,0.008587770201058048,0.0,-0.06942944747413424,0.0006284907816164338,0.0028644947232802725,C050A9DC-1FEE-EF11-B302-005056A80461,MONEY MARKET FUND,2025-03-09,0.0,6,3,True,-0.015124477871201124,-0.015124477871201124,0.0,0
-0.15684476816690138,-0.19090449820493607,-0.10877303264298453,0.3799447513038712,0.0,-0.01763055510438104,-0.027181247215081233,-0.19207496930540102,-0.00021634381644337908,-0.0039580996809273,0.008587770201058048,0.0,-0.06949881053275418,0.0006283175673123174,0.0020555706783555476,C050A9DC-1FEE-EF11-B302-005056A80461,MONEY MARKET FUND,2025-03-10,0.0,0,3,False,-0.015124477871201124,-0.015124477871201124,0.0,0
-0.15684476816690138,-0.19090449820493607,-0.10877303264298453,0.3799447513038712,0.0,-0.01763055510438104,-0.027181247215081233,-0.19207496930540102,-0.00021634381644337908,-0.0039580996809273,0.008587770201058048,0.0,-0.06952724944859584,0.0006292473845766994,0.007286995486101195,C050A9DC-1FEE-EF11-B302-005056A80461,MONEY MARKET FUND,2025-03-11,0.0,1,3,False,-0.015124477871201124,-0.015124477871201124,0.0,0
-0.15684476816690138,-0.19090449820493607,-0.10877303264298453,0.3799447513038712,0.0,-0.01763055510438104,-0.027181247215081233,-0.19207496930540102,-0.00021634381644337908,-0.0039580996809273,0.008587770201058048,0.0,-0.06942262645762504,0.0006281381148491355,-0.0023839247118446305,C050A9DC-1FEE-EF11-B302-005056A80461,MONEY MARKET FUND,2025-03-12,0.0,2,3,False,-0.015124477871201124,-0.015124477871201124,0.0,0
-0.15684476816690138,-0.19090449820493607,-0.10877303264298453,0.3799447513038712,0.0,-0.01763055510438104,-0.027181247215081233,-0.19207496930540102,-0.00021634381644337908,-0.0039580996809273,0.008587770201058048,0.0,-0.06929082664347863,0.0006281234857267124,0.0028077036882310598,C050A9DC-1FEE-EF11-B302-005056A80461,MONEY MARKET FUND,2025-03-13,0.0,3,3,False,-0.015124477871201124,-0.015124477871201124,0.0,0
-0.15684476816690138,-0.19090449820493607,-0.10877303264298453,0.3799447513038712,0.0,-0.01763055510438104,-0.027181247215081233,-0.19207496930540102,-0.00021634381644337908,-0.0039580996809273,0.008587770201058048,0.0,-0.06882262580587932,0.0006276543709553833,0.0006521828796838602,C050A9DC-1FEE-EF11-B302-005056A80461,MONEY MARKET FUND,2025-03-14,0.0,4,3,False,-0.015124477871201124,-0.015124477871201124,0.0,0
-0.15684476816690138,-0.19090449820493607,-0.10877303264298453,0.3799447513038712,0.0,-0.01763055510438104,-0.027181247215081233,-0.19207496930540102,-0.00021634381644337908,-0.0039580996809273,0.008587770201058048,0.0,-0.06856751177046287,0.0006276517752749258,0.0028647755333823643,C050A9DC-1FEE-EF11-B302-005056A80461,MONEY MARKET FUND,2025-03-15,0.0,5,3,True,-0.015124477871201124,-0.015124477871201124,0.0,0
-0.15684476816690138,-0.19090449820493607,-0.10877303264298453,0.3799447513038712,0.0,-0.01763055510438104,-0.027181247215081233,-0.19207496930540102,-0.00021634381644337908,-0.0039580996809273,0.008587770201058048,0.0,-0.06845812163942036,0.0006276491819627906,0.00286478676578646,C050A9DC-1FEE-EF11-B302-005056A80461,MONEY MARKET FUND,2025-03-16,0.0,6,3,True,-0.015124477871201124,-0.015124477871201124,0.0,0
-0.15684476816690138,-0.19090449820493607,-0.10877303264298453,0.3799447513038712,0.0,-0.01763055510438104,-0.027181247215081233,-0.19207496930540102,-0.00021634381644337908,-0.0039580996809273,0.008587770201058048,0.0,-0.06818275846246384,0.0006273018936538243,0.001229977745770021,C050A9DC-1FEE-EF11-B302-005056A80461,MONEY MARKET FUND,2025-03-17,0.0,0,3,False,-0.015124477871201124,-0.015124477871201124,0.0,0
-0.15684476816690138,-0.19090449820493607,-0.10877303264298453,0.3799447513038712,0.0,-0.01763055510438104,-0.027181247215081233,-0.19207496930540102,-0.00021634381644337908,-0.0039580996809273,0.008587770201058048,0.0,-0.06868779105793286,0.000628884399032258,0.010382544960042718,C050A9DC-1FEE-EF11-B302-005056A80461,MONEY MARKET FUND,2025-03-18,0.0,1,3,False,-0.015124477871201124,-0.015124477871201124,0.0,0
-0.15684476816690138,-0.19090449820493607,-0.10877303264298453,0.3799447513038712,0.0,-0.01763055510438104,-0.027181247215081233,-0.19207496930540102,-0.00021634381644337908,-0.0039580996809273,0.008587770201058048,0.0,-0.06848355377089116,0.0006272218278059853,-0.005008106348396833,C050A9DC-1FEE-EF11-B302-005056A80461,MONEY MARKET FUND,2025-03-19,0.0,2,3,False,-0.015124477871201124,-0.015124477871201124,0.0,0
-0.15684476816690138,-0.19090449820493607,-0.10877303264298453,0.3799447513038712,0.0,-0.01763055510438104,-0.027181247215081233,-0.19207496930540102,-0.00021634381644337908,-0.0039580996809273,0.008587770201058048,0.0,-0.06841567502386534,0.0006271939881857322,0.002745049338249925,C050A9DC-1FEE-EF11-B302-005056A80461,MONEY MARKET FUND,2025-03-20,0.0,3,3,False,-0.015124477871201124,-0.015124477871201124,0.0,0
-0.15684476816690138,-0.19090449820493607,-0.10877303264298453,0.3799447513038712,0.0,-0.01763055510438104,-0.027181247215081233,-0.19207496930540102,-0.00021634381644337908,-0.0039580996809273,0.008587770201058048,0.0,-0.06830631705172224,0.0006271894646915234,0.0028556323564579247,C050A9DC-1FEE-EF11-B302-005056A80461,MONEY MARKET FUND,2025-03-21,0.0,4,3,False,-0.015124477871201124,-0.015124477871201124,0.0,0
-0.15684476816690138,-0.19090449820493607,-0.10877303264298453,0.3799447513038712,0.0,-0.01763055510438104,-0.027181247215081233,-0.19207496930540102,-0.00021634381644337908,-0.0039580996809273,0.008587770201058048,0.0,-0.06823511104187228,0.0006271869045358844,0.0028649440194436194,C050A9DC-1FEE-EF11-B302-005056A80461,MONEY MARKET FUND,2025-03-22,0.0,5,3,True,-0.015124477871201124,-0.015124477871201124,0.0,0
-0.15684476816690138,-0.19090449820493607,-0.10877303264298453,0.3799447513038712,0.0,-0.01763055510438104,-0.027181247215081233,-0.19207496930540102,-0.00021634381644337908,-0.0039580996809273,0.008587770201058048,0.0,-0.0681990458551944,0.0006271843443802455,0.0028649440194436393,C050A9DC-1FEE-EF11-B302-005056A80461,MONEY MARKET FUND,2025-03-23,0.0,6,3,True,-0.015124477871201124,-0.015124477871201124,0.0,0
-0.15684476816690138,-0.19090449820493607,-0.10877303264298453,0.3799447513038712,0.0,-0.01763055510438104,-0.027181247215081233,-0.19207496930540102,-0.00021634381644337908,-0.0039580996809273,0.008587770201058048,0.0,-0.06799714397297021,0.0006267960627929504,0.0010355560634783029,C050A9DC-1FEE-EF11-B302-005056A80461,MONEY MARKET FUND,2025-03-24,0.0,0,3,False,-0.015124477871201124,-0.015124477871201124,0.0,0
-0.15684476816690138,-0.19090449820493607,-0.10877303264298453,0.3799447513038712,0.0,-0.01763055510438104,-0.027181247215081233,-0.19207496930540102,-0.00021634381644337908,-0.0039580996809273,0.008587770201058048,0.0,-0.07027184966395181,0.0006271566918574264,0.004587466882952804,C050A9DC-1FEE-EF11-B302-005056A80461,MONEY MARKET FUND,2025-03-25,0.0,1,3,False,-0.015124477871201124,-0.015124477871201124,0.0,0
-0.15684476816690138,-0.19090449820493607,-0.10877303264298453,0.3799447513038712,0.0,-0.01763055510438104,-0.027181247215081233,-0.19207496930540102,-0.00021634381644337908,-0.0039580996809273,0.008587770201058048,0.0,-0.06987025146604543,0.0006265997810365885,0.00023578642788215308,C050A9DC-1FEE-EF11-B302-005056A80461,MONEY MARKET FUND,2025-03-26,0.0,2,3,False,-0.015124477871201124,-0.015124477871201124,0.0,0
-0.15684476816690138,-0.19090449820493607,-0.10877303264298453,0.3799447513038712,0.0,-0.01763055510438104,-0.027181247215081233,-0.19207496930540102,-0.00021634381644337908,-0.0039580996809273,0.008587770201058048,0.0,-0.06968957134739509,0.000626586859474038,0.0028158022515756814,C050A9DC-1FEE-EF11-B302-005056A80461,MONEY MARKET FUND,2025-03-27,0.0,3,3,False,-0.015124477871201124,-0.015124477871201124,0.0,0
-0.15684476816690138,-0.19090449820493607,-0.10877303264298453,0.3799447513038712,0.0,-0.01763055510438104,-0.027181247215081233,-0.19207496930540102,-0.00021634381644337908,-0.0039580996809273,0.008587770201058048,0.0,-0.06964283570539964,0.0006265751552287465,0.002821575707274918,C050A9DC-1FEE-EF11-B302-005056A80461,MONEY MARKET FUND,2025-03-28,0.0,4,3,False,-0.015124477871201124,-0.015124477871201124,0.0,0
-0.15684476816690138,-0.19090449820493607,-0.10877303264298453,0.3799447513038712,0.0,-0.01763055510438104,-0.027181247215081233,-0.19207496930540102,-0.00021634381644337908,-0.0039580996809273,0.008587770201058048,0.0,-0.06972589052346712,0.0006265726116513642,0.002865022646272229,C050A9DC-1FEE-EF11-B302-005056A80461,MONEY MARKET FUND,2025-03-29,0.0,5,3,True,-0.015124477871201124,-0.015124477871201124,0.0,0
-0.15684476816690138,-0.19090449820493607,-0.10877303264298453,0.3799447513038712,0.0,-0.01763055510438104,-0.027181247215081233,-0.19207496930540102,-0.00021634381644337908,-0.0039580996809273,0.008587770201058048,0.0,-0.06997247509246723,0.0006265700657056768,0.0028650114138681335,C050A9DC-1FEE-EF11-B302-005056A80461,MONEY MARKET FUND,2025-03-30,0.0,6,3,True,-0.015124477871201124,-0.015124477871201124,0.0,0
-0.15684476816690138,-0.19090449820493607,-0.10877303264298453,0.3799447513038712,0.0,-0.01763055510438104,-0.027181247215081233,5.206300454537575,-0.00021634381644337908,-0.0039580996809273,0.008587770201058048,0.0,-0.06997562583682489,0.0006265675221282772,0.002865022646272209,C050A9DC-1FEE-EF11-B302-005056A80461,MONEY MARKET FUND,2025-03-31,0.0,0,3,False,-0.015124477871201124,-0.015124477871201124,0.0,0
-0.15684476816690138,-0.19090449820493607,-0.10877303264298453,0.3799447513038712,0.0,-0.01763055510438104,-0.027181247215081233,-0.19207496930540102,-0.00021634381644337908,-0.0039580996809273,0.008587770201058048,0.0,-0.07070397196550698,0.0006267045911083545,0.003527172867029989,C050A9DC-1FEE-EF11-B302-005056A80461,MONEY MARKET FUND,2025-04-01,0.0,1,4,False,-0.015124477871201124,-0.015124477871201124,0.0,0
-0.15684476816690138,-0.19090449820493607,-0.10877303264298453,0.3799447513038712,0.0,-0.01763055510438104,-0.027181247215081233,-0.19207496930540102,-0.00021634381644337908,-0.0039580996809273,0.008587770201058048,0.0,-0.07066994425138841,0.000626672865072408,0.002726616963147922,C050A9DC-1FEE-EF11-B302-005056A80461,MONEY MARKET FUND,2025-04-02,0.0,2,4,False,-0.015124477871201124,-0.015124477871201124,0.0,0
-0.15684476816690138,-0.19090449820493607,-0.10877303264298453,0.3799447513038712,0.0,-0.01763055510438104,-0.027181247215081233,-0.19207496930540102,-0.00021634381644337908,-0.0039580996809273,0.008587770201058048,0.0,-0.07020704053190037,0.0006262005388570076,0.0006369517397458249,C050A9DC-1FEE-EF11-B302-005056A80461,MONEY MARKET FUND,2025-04-03,0.0,3,4,False,-0.015124477871201124,-0.015124477871201124,0.0,0
-0.15684476816690138,-0.19090449820493607,-0.10877303264298453,0.3799447513038712,0.0,-0.01763055510438104,-0.027181247215081233,-0.19207496930540102,-0.00021634381644337908,-0.0039580996809273,0.008587770201058048,0.0,-0.06943173262674325,0.0006257438435640725,0.0007110856067008798,C050A9DC-1FEE-EF11-B302-005056A80461,MONEY MARKET FUND,2025-04-04,0.0,4,4,False,-0.015124477871201124,-0.015124477871201124,0.0,0
-0.15684476816690138,-0.19090449820493607,-0.10877303264298453,0.3799447513038712,0.0,-0.01763055510438104,-0.027181247215081233,-0.19207496930540102,-0.00021634381644337908,-0.0039580996809273,0.008587770201058048,0.0,-0.0690682888403502,0.000625712155421267,0.002726796681613273,C050A9DC-1FEE-EF11-B302-005056A80461,MONEY MARKET FUND,2025-04-05,0.0,5,4,True,-0.015124477871201124,-0.015124477871201124,0.0,0
-0.15684476816690138,-0.19090449820493607,-0.10877303264298453,0.3799447513038712,0.0,-0.01763055510438104,-0.027181247215081233,-0.19207496930540102,-0.00021634381644337908,-0.0039580996809273,0.008587770201058048,0.0,-0.068918768330229,0.0006257096971034561,0.0028654270128192533,C050A9DC-1FEE-EF11-B302-005056A80461,MONEY MARKET FUND,2025-04-06,0.0,6,4,True,-0.015124477871201124,-0.015124477871201124,0.0,0
-0.15684476816690138,-0.19090449820493607,-0.10877303264298453,0.3799447513038712,0.0,-0.01763055510438104,-0.027181247215081233,-0.19207496930540102,-0.00021634381644337908,-0.0039580996809273,0.008587770201058048,0.0,-0.06900286575569112,0.0006258561564786281,0.0035717093492234403,C050A9DC-1FEE-EF11-B302-005056A80461,MONEY MARKET FUND,2025-04-07,0.0,0,4,False,-0.015124477871201124,-0.015124477871201124,0.0,0
-0.15684476816690138,-0.19090449820493607,-0.10877303264298453,0.3799447513038712,0.0,-0.01763055510438104,-0.027181247215081233,-0.19207496930540102,-0.00021634381644337908,-0.0039580996809273,0.008587770201058048,0.0,-0.06898333841060596,0.0006267241013415806,0.0069935489294040455,C050A9DC-1FEE-EF11-B302-005056A80461,MONEY MARKET FUND,2025-04-08,0.0,1,4,False,-0.015124477871201124,-0.015124477871201124,0.0,0
-0.15684476816690138,-0.19090449820493607,-0.10877303264298453,0.3799447513038712,0.0,-0.01763055510438104,-0.027181247215081233,-0.19207496930540102,-0.00021634381644337908,-0.0039580996809273,0.008587770201058048,0.0,-0.06887327086415415,0.0006267855711283248,0.003168623296261388,C050A9DC-1FEE-EF11-B302-005056A80461,MONEY MARKET FUND,2025-04-09,0.0,2,4,False,-0.015124477871201124,-0.015124477871201124,0.0,0
-0.15684476816690138,-0.19090449820493607,-0.10877303264298453,0.3799447513038712,0.0,-0.01763055510438104,-0.027181247215081233,-0.19207496930540102,-0.00021634381644337908,-0.0039580996809273,0.008587770201058048,0.0,-0.06859262932002616,0.0006267803324009963,0.002852240170424511,C050A9DC-1FEE-EF11-B302-005056A80461,MONEY MARKET FUND,2025-04-10,0.0,3,4,False,-0.015124477871201124,-0.015124477871201124,0.0,0
-0.15684476816690138,-0.19090449820493607,-0.10877303264298453,0.3799447513038712,0.0,-0.01763055510438104,-0.027181247215081233,-0.19207496930540102,-0.00021634381644337908,-0.0039580996809273,0.008587770201058048,0.0,-0.06857603883624226,0.000626806516564435,0.0030012717078123667,C050A9DC-1FEE-EF11-B302-005056A80461,MONEY MARKET FUND,2025-04-11,0.0,4,4,False,-0.015124477871201124,-0.015124477871201124,0.0,0
-0.15684476816690138,-0.19090449820493607,-0.10877303264298453,0.3799447513038712,0.0,-0.01763055510438104,-0.027181247215081233,-0.19207496930540102,-0.00021634381644337908,-0.0039580996809273,0.008587770201058048,0.0,-0.0688161502184481,0.0006268039800920027,0.002865056343484476,C050A9DC-1FEE-EF11-B302-005056A80461,MONEY MARKET FUND,2025-04-12,0.0,5,4,True,-0.015124477871201124,-0.015124477871201124,0.0,0
-0.15684476816690138,-0.19090449820493607,-0.10877303264298453,0.3799447513038712,0.0,-0.01763055510438104,-0.027181247215081233,-0.19207496930540102,-0.00021634381644337908,-0.0039580996809273,0.008587770201058048,0.0,-0.06940556598510235,0.0006268014412512824,0.0028650451110803807,C050A9DC-1FEE-EF11-B302-005056A80461,MONEY MARKET FUND,2025-04-13,0.0,6,4,True,-0.015124477871201124,-0.015124477871201124,0.0,0
-0.15684476816690138,-0.19090449820493607,-0.10877303264298453,0.3799447513038712,0.0,-0.01763055510438104,-0.027181247215081233,-0.19207496930540102,-0.00021634381644337908,-0.0039580996809273,0.008587770201058048,0.0,-0.06996582988772775,0.0006262036413582836,4.185897137014462e-05,C050A9DC-1FEE-EF11-B302-005056A80461,MONEY MARKET FUND,2025-04-14,0.0,0,4,False,-0.015124477871201124,-0.015124477871201124,0.0,0
-0.15684476816690138,-0.19090449820493607,-0.10877303264298453,0.3799447513038712,0.0,-0.01763055510438104,-0.027181247215081233,-0.19207496930540102,-0.00021634381644337908,-0.0039580996809273,0.008587770201058048,0.0,-0.06993773855031013,0.0006268429034572715,0.005908959223447306,C050A9DC-1FEE-EF11-B302-005056A80461,MONEY MARKET FUND,2025-04-15,0.0,1,4,False,-0.015124477871201124,-0.015124477871201124,0.0,0
-0.15684476816690138,-0.19090449820493607,-0.10877303264298453,0.3799447513038712,0.0,-0.01763055510438104,-0.027181247215081233,-0.19207496930540102,-0.00021634381644337908,-0.0039580996809273,0.008587770201058048,0.0,-0.06993407849722114,0.0006266116960625037,0.0017805227995481743,C050A9DC-1FEE-EF11-B302-005056A80461,MONEY MARKET FUND,2025-04-16,0.0,2,4,False,-0.015124477871201124,-0.015124477871201124,0.0,0
-0.15684476816690138,-0.19090449820493607,-0.10877303264298453,0.3799447513038712,0.0,-0.01763055510438104,-0.027181247215081233,-0.19207496930540102,-0.00021634381644337908,-0.0039580996809273,0.008587770201058048,0.0,-0.0699287244074329,0.0006267983719065025,0.003762446802975557,C050A9DC-1FEE-EF11-B302-005056A80461,MONEY MARKET FUND,2025-04-17,0.0,3,4,False,-0.015124477871201124,-0.015124477871201124,0.0,0
-0.15684476816690138,-0.19090449820493607,-0.10877303264298453,0.3799447513038712,0.0,-0.01763055510438104,-0.027181247215081233,-0.19207496930540102,-0.00021634381644337908,-0.0039580996809273,0.008587770201058048,0.0,-0.06868101092906191,0.0006279200492708312,0.00819694377335832,C050A9DC-1FEE-EF11-B302-005056A80461,MONEY MARKET FUND,2025-04-18,0.0,4,4,False,-0.015124477871201124,-0.015124477871201124,0.0,0
-0.15684476816690138,-0.19090449820493607,-0.10877303264298453,0.3799447513038712,0.0,-0.01763055510438104,-0.027181247215081233,-0.19207496930540102,-0.00021634381644337908,-0.0039580996809273,0.008587770201058048,0.0,-0.06868301323689639,0.0006268539019427156,-0.0021794050982813003,C050A9DC-1FEE-EF11-B302-005056A80461,MONEY MARKET FUND,2025-04-19,0.0,5,4,True,-0.015124477871201124,-0.015124477871201124,0.0,0
-0.15684476816690138,-0.19090449820493607,-0.10877303264298453,0.3799447513038712,0.0,-0.01763055510438104,-0.027181247215081233,-0.19207496930540102,-0.00021634381644337908,-0.0039580996809273,0.008587770201058048,0.0,-0.06868568122365816,0.0006268513607336557,0.002865033878676305,C050A9DC-1FEE-EF11-B302-005056A80461,MONEY MARKET FUND,2025-04-20,0.0,6,4,True,-0.015124477871201124,-0.015124477871201124,0.0,0
-0.15684476816690138,-0.19090449820493607,-0.10877303264298453,0.3799447513038712,0.0,-0.01763055510438104,-0.027181247215081233,-0.19207496930540102,-0.00021634381644337908,-0.0039580996809273,0.008587770201058048,0.0,-0.0690624813658319,0.0006268488005780168,0.0028649440194436194,C050A9DC-1FEE-EF11-B302-005056A80461,MONEY MARKET FUND,2025-04-21,0.0,0,4,False,-0.015124477871201124,-0.015124477871201124,0.0,0
-0.15684476816690138,-0.19090449820493607,-0.10877303264298453,0.3799447513038712,0.0,-0.01763055510438104,-0.027181247215081233,-0.19207496930540102,-0.00021634381644337908,-0.0039580996809273,0.008587770201058048,0.0,-0.06874961978595445,0.0006276858412126154,0.006846977288510603,C050A9DC-1FEE-EF11-B302-005056A80461,MONEY MARKET FUND,2025-04-22,0.0,1,4,False,-0.015124477871201124,-0.015124477871201124,0.0,0
-0.15684476816690138,-0.19090449820493607,-0.10877303264298453,0.3799447513038712,0.0,-0.01763055510438104,-0.027181247215081233,-0.19207496930540102,-0.00021634381644337908,-0.0039580996809273,0.008587770201058048,0.0,-0.0689225582210718,0.0006273233198592069,0.0011577309227010996,C050A9DC-1FEE-EF11-B302-005056A80461,MONEY MARKET FUND,2025-04-23,0.0,2,4,False,-0.015124477871201124,-0.015124477871201124,0.0,0
-0.15684476816690138,-0.19090449820493607,-0.10877303264298453,0.3799447513038712,0.0,-0.01763055510438104,-0.027181247215081233,-0.19207496930540102,-0.00021634381644337908,-0.0039580996809273,0.008587770201058048,0.0,-0.06895748466759088,0.0006276331815821533,0.004346689069005995,C050A9DC-1FEE-EF11-B302-005056A80461,MONEY MARKET FUND,2025-04-24,0.0,3,4,False,-0.015124477871201124,-0.015124477871201124,0.0,0
-0.15684476816690138,-0.19090449820493607,-0.10877303264298453,0.3799447513038712,0.0,-0.01763055510438104,-0.027181247215081233,-0.19207496930540102,-0.00021634381644337908,-0.0039580996809273,0.008587770201058048,0.0,-0.06931769767722139,0.0006270199189175442,-3.14773948949573e-05,C050A9DC-1FEE-EF11-B302-005056A80461,MONEY MARKET FUND,2025-04-25,0.0,4,4,False,-0.015124477871201124,-0.015124477871201124,0.0,0
-0.15684476816690138,-0.19090449820493607,-0.10877303264298453,0.3799447513038712,0.0,-0.01763055510438104,-0.027181247215081233,-0.19207496930540102,-0.00021634381644337908,-0.0039580996809273,0.008587770201058048,0.0,-0.06939812991750706,0.0006270173611302104,0.002864955251847715,C050A9DC-1FEE-EF11-B302-005056A80461,MONEY MARKET FUND,2025-04-26,0.0,5,4,True,-0.015124477871201124,-0.015124477871201124,0.0,0
-0.15684476816690138,-0.19090449820493607,-0.10877303264298453,0.3799447513038712,0.0,-0.01763055510438104,-0.027181247215081233,-0.19207496930540102,-0.00021634381644337908,-0.0039580996809273,0.008587770201058048,0.0,-0.06949216598898275,0.0006270148057112334,0.0028649664842518106,C050A9DC-1FEE-EF11-B302-005056A80461,MONEY MARKET FUND,2025-04-27,0.0,6,4,True,-0.015124477871201124,-0.015124477871201124,0.0,0
-0.15684476816690138,-0.19090449820493607,-0.10877303264298453,0.3799447513038712,0.0,-0.01763055510438104,-0.027181247215081233,-0.19207496930540102,-0.00021634381644337908,-0.0039580996809273,0.008587770201058048,0.0,-0.06966526326926036,0.0006273922640688892,0.004667284346374411,C050A9DC-1FEE-EF11-B302-005056A80461,MONEY MARKET FUND,2025-04-28,0.0,0,4,False,-0.015124477871201124,-0.015124477871201124,0.0,0
-0.15684476816690138,-0.19090449820493607,-0.10877303264298453,0.3799447513038712,0.0,-0.01763055510438104,-0.027181247215081233,-0.19207496930540102,-0.00021634381644337908,-0.0039580996809273,0.008587770201058048,0.0,-0.06987083607729436,0.0006273925885289356,0.0028786250876180713,C050A9DC-1FEE-EF11-B302-005056A80461,MONEY MARKET FUND,2025-04-29,0.0,1,4,False,-0.015124477871201124,-0.015124477871201124,0.0,0
-0.15684476816690138,-0.19090449820493607,-0.10877303264298453,0.3799447513038712,0.0,-0.01763055510438104,-0.027181247215081233,5.206300454537575,-0.00021634381644337908,-0.0039580996809273,0.008587770201058048,0.0,-0.06955770051396701,0.0006267045603201807,-0.00038607315942594067,C050A9DC-1FEE-EF11-B302-005056A80461,MONEY MARKET FUND,2025-04-30,0.0,2,4,False,-0.015124477871201124,-0.015124477871201124,0.0,0
