anomaly_score_adjusted,has_activity,outflow_to_inflow,zero_activity_freq,outflows,gross_activity,balance_anomaly_flag,is_income_distribution_day,outflow_diff,has_reversal,inflow_diff,inflows,rolling_income_std,balance_change,income_diff,clientid,fundname,transactiondate,anomaly_score,dayofweek,month,is_weekend,lag_inflows,rolling_mean_inflows,rolling_std_inflows,is_anomaly
-0.15684476816690138,5.238221254097949,-0.10877303264298453,-8.033819843083116,0.0,0.6144262237350105,-0.027181247215081233,-0.19207496930540102,-0.00021634381644337908,-0.0039580996809273,0.008587770201058048,0.7638974725237292,-0.07091369180769326,0.0006020355448156202,0.002877086248258544,F5B8FC61-C06A-EF11-B2FD-005056A80461,MONEY MARKET FUND,2024-09-05,0.0,3,9,False,-0.015124477871201124,0.09616437218521749,0.29444262094543744,1
-0.15684476816690138,-0.19090449820493607,-0.10877303264298453,-3.826937545889623,0.0,-0.01763055510438104,-0.027181247215081233,-0.19207496930540102,-0.00021634381644337908,-0.0039580996809273,-0.7160734015668254,0.0,0.10741745078043696,0.0008148237897608167,-0.27606547142163274,F5B8FC61-C06A-EF11-B2FD-005056A80461,MONEY MARKET FUND,2024-09-06,0.0,4,9,False,0.7638974725237292,0.09616437218521749,0.29444262094543744,1
-0.15684476816690138,-0.19090449820493607,-0.10877303264298453,-2.424643446825125,0.0,-0.01763055510438104,-0.027181247215081233,-0.19207496930540102,-0.00021634381644337908,-0.0039580996809273,0.008587770201058048,0.0,0.10557233879757401,0.0008941060168273168,0.3788944381857373,F5B8FC61-C06A-EF11-B2FD-005056A80461,MONEY MARKET FUND,2024-09-07,0.0,5,9,True,-0.015124477871201124,0.09616437218521749,0.29444262094543744,1
-0.15684476816690138,-0.19090449820493607,-0.10877303264298453,-1.7234963972928758,0.0,-0.01763055510438104,-0.027181247215081233,-0.19207496930540102,-0.00021634381644337908,-0.0039580996809273,0.008587770201058048,0.0,0.08983170349640274,0.0008940801500188539,0.002754405930851902,F5B8FC61-C06A-EF11-B2FD-005056A80461,MONEY MARKET FUND,2024-09-08,0.0,6,9,True,-0.015124477871201124,0.09616437218521749,0.29444262094543744,1
-0.15684476816690138,-0.19090449820493607,-0.10877303264298453,-1.302808167573526,0.0,-0.01763055510438104,-0.027181247215081233,-0.19207496930540102,-0.00021634381644337908,-0.0039580996809273,0.008587770201058048,0.0,0.11119302708577206,0.0008079402157062175,-0.40566479249033544,F5B8FC61-C06A-EF11-B2FD-005056A80461,MONEY MARKET FUND,2024-09-09,0.0,0,9,False,-0.015124477871201124,0.09616437218521749,0.29444262094543744,1
5.682384887874601,5.238221254097949,-0.10877303264298453,-2.424643446825125,0.0,0.14038363960546688,-0.027181247215081233,-0.19207496930540102,-0.00021634381644337908,-0.0039580996809273,0.18975306314302892,0.17963100972753146,0.12245144151213393,0.2377486049563668,0.5174969916564146,F5B8FC61-C06A-EF11-B2FD-005056A80461,MONEY MARKET FUND,2024-09-10,0.3610813602874244,1,9,False,-0.015124477871201124,0.12398658469932215,0.29135936717588334,1
-0.15684476816690138,-0.19090449820493607,-0.10877303264298453,-2.023987989949554,0.0,-0.01763055510438104,-0.027181247215081233,-0.19207496930540102,-0.00021634381644337908,-0.0039580996809273,-0.17257752274091281,0.0,0.11260228325253457,0.000897810839123245,-0.08550714081743932,F5B8FC61-C06A-EF11-B2FD-005056A80461,MONEY MARKET FUND,2024-09-11,0.0,2,9,False,0.17963100972753146,0.12398658469932214,0.29135936717588334,1
-0.15684476816690138,-0.19090449820493607,-0.10877303264298453,-0.8220216193228418,0.0,-0.01763055510438104,-0.027181247215081233,-0.19207496930540102,-0.00021634381644337908,-0.0039580996809273,0.008587770201058048,0.0,0.12032777186442574,0.0009041824791519707,0.03309630813236513,F5B8FC61-C06A-EF11-B2FD-005056A80461,MONEY MARKET FUND,2024-09-12,0.0,3,9,False,-0.015124477871201124,0.012697734642903533,0.07361065524311274,0
-0.15684476816690138,-0.19090449820493607,-0.10877303264298453,-0.8220216193228418,0.0,-0.01763055510438104,-0.027181247215081233,-0.19207496930540102,-0.00021634381644337908,-0.0039580996809273,0.008587770201058048,0.0,0.091252390980974,0.0009192312586971863,0.07424998334983818,F5B8FC61-C06A-EF11-B2FD-005056A80461,MONEY MARKET FUND,2024-09-13,0.0,4,9,False,-0.015124477871201124,0.012697734642903533,0.07361065524311274,0
-0.15684476816690138,-0.19090449820493607,-0.10877303264298453,-0.8220216193228418,0.0,-0.01763055510438104,-0.027181247215081233,-0.19207496930540102,-0.00021634381644337908,-0.0039580996809273,0.008587770201058048,0.0,0.13166671466681346,0.0009649760745650183,0.21983421729745392,F5B8FC61-C06A-EF11-B2FD-005056A80461,MONEY MARKET FUND,2024-09-14,0.0,5,9,True,-0.015124477871201124,0.012697734642903533,0.07361065524311274,0
-0.15684476816690138,-0.19090449820493607,-0.10877303264298453,-0.8220216193228418,0.0,-0.01763055510438104,-0.027181247215081233,-0.19207496930540102,-0.00021634381644337908,-0.0039580996809273,0.008587770201058048,0.0,0.1557331213000979,0.0009649438985480595,0.002724482806371904,F5B8FC61-C06A-EF11-B2FD-005056A80461,MONEY MARKET FUND,2024-09-15,0.0,6,9,True,-0.015124477871201124,0.01269773464290353,0.07361065524311274,0
-0.15684476816690138,-0.19090449820493607,-0.10877303264298453,-0.8220216193228418,0.0,-0.01763055510438104,-0.027181247215081233,-0.19207496930540102,-0.00021634381644337908,-0.0039580996809273,0.008587770201058048,0.0,0.04772827257159055,0.0009420992793153189,-0.10546968386301846,F5B8FC61-C06A-EF11-B2FD-005056A80461,MONEY MARKET FUND,2024-09-16,0.0,0,9,False,-0.015124477871201124,0.01269773464290353,0.07361065524311274,0
-0.15684476816690138,-0.19090449820493607,-0.10877303264298453,0.3799447513038712,0.0,-0.01763055510438104,-0.027181247215081233,-0.19207496930540102,-0.00021634381644337908,-0.0039580996809273,0.008587770201058048,0.0,0.049177077107254275,0.0009517029464971532,0.04842506889430155,F5B8FC61-C06A-EF11-B2FD-005056A80461,MONEY MARKET FUND,2024-09-17,0.0,1,9,False,-0.015124477871201124,-0.015124477871201124,0.0,0
-0.15684476816690138,-0.19090449820493607,-0.10877303264298453,0.3799447513038712,0.0,-0.01763055510438104,-0.027181247215081233,-0.19207496930540102,-0.00021634381644337908,-0.0039580996809273,0.008587770201058048,0.0,0.02794971972132955,0.000930592928623387,-0.09724286892854926,F5B8FC61-C06A-EF11-B2FD-005056A80461,MONEY MARKET FUND,2024-09-18,0.0,2,9,False,-0.015124477871201124,-0.015124477871201124,0.0,0
-0.15684476816690138,-0.19090449820493607,-0.10877303264298453,0.3799447513038712,0.0,-0.01763055510438104,-0.027181247215081233,-0.19207496930540102,-0.00021634381644337908,-0.0039580996809273,0.008587770201058048,0.0,0.0033547004686532308,0.0009552655558184853,0.11989367731108183,F5B8FC61-C06A-EF11-B2FD-005056A80461,MONEY MARKET FUND,2024-09-19,0.0,3,9,False,-0.015124477871201124,-0.015124477871201124,0.0,0
-0.15684476816690138,-0.19090449820493607,-0.10877303264298453,0.3799447513038712,0.0,-0.01763055510438104,-0.027181247215081233,-0.19207496930540102,-0.00021634381644337908,-0.0039580996809273,0.008587770201058048,0.0,-0.017874081277440775,0.0009472772402670377,-0.03500965547375797,F5B8FC61-C06A-EF11-B2FD-005056A80461,MONEY MARKET FUND,2024-09-20,0.0,4,9,False,-0.015124477871201124,-0.015124477871201124,0.0,0
-0.15684476816690138,-0.19090449820493607,-0.10877303264298453,0.3799447513038712,0.0,-0.01763055510438104,-0.027181247215081233,-0.19207496930540102,-0.00021634381644337908,-0.0039580996809273,0.008587770201058048,0.0,-0.01815719362792947,0.0009646231070209664,0.08514453918389776,F5B8FC61-C06A-EF11-B2FD-005056A80461,MONEY MARKET FUND,2024-09-21,0.0,5,9,True,-0.015124477871201124,-0.015124477871201124,0.0,0
-0.15684476816690138,-0.19090449820493607,-0.10877303264298453,0.3799447513038712,0.0,-0.01763055510438104,-0.027181247215081233,-0.19207496930540102,-0.00021634381644337908,-0.0039580996809273,0.008587770201058048,0.0,-0.01844219449380736,0.0009645909499504488,0.0027245726656046692,F5B8FC61-C06A-EF11-B2FD-005056A80461,MONEY MARKET FUND,2024-09-22,0.0,6,9,True,-0.015124477871201124,-0.015124477871201124,0.0,0
-0.15684476816690138,-0.19090449820493607,-0.10877303264298453,0.3799447513038712,0.0,-0.01763055510438104,-0.027181247215081233,-0.19207496930540102,-0.00021634381644337908,-0.0039580996809273,0.008587770201058048,0.0,-0.004928016045212543,0.0009256147071775092,-0.18197826075993062,F5B8FC61-C06A-EF11-B2FD-005056A80461,MONEY MARKET FUND,2024-09-23,0.0,0,9,False,-0.015124477871201124,-0.015124477871201124,0.0,0
-0.15684476816690138,-0.19090449820493607,-0.10877303264298453,0.3799447513038712,0.0,-0.01763055510438104,-0.027181247215081233,-0.19207496930540102,-0.00021634381644337908,-0.0039580996809273,0.008587770201058048,0.0,-0.0038953469939750577,0.0009561208301609224,0.1475606049447741,F5B8FC61-C06A-EF11-B2FD-005056A80461,MONEY MARKET FUND,2024-09-24,0.0,1,9,False,-0.015124477871201124,-0.015124477871201124,0.0,0
-0.15684476816690138,-0.19090449820493607,-0.10877303264298453,0.3799447513038712,0.0,-0.01763055510438104,-0.027181247215081233,-0.19207496930540102,-0.00021634381644337908,-0.0039580996809273,0.008587770201058048,0.0,-0.005452408352653787,0.0009324890731976997,-0.10920289691681401,F5B8FC61-C06A-EF11-B2FD-005056A80461,MONEY MARKET FUND,2024-09-25,0.0,2,9,False,-0.015124477871201124,-0.015124477871201124,0.0,0
-0.15684476816690138,-0.19090449820493607,-0.10877303264298453,0.3799447513038712,0.0,-0.01763055510438104,-0.027181247215081233,-0.19207496930540102,-0.00021634381644337908,-0.0039580996809273,0.008587770201058048,0.0,-0.005744923751664202,0.0009540978927538208,0.10536274297883483,F5B8FC61-C06A-EF11-B2FD-005056A80461,MONEY MARKET FUND,2024-09-26,0.0,3,9,False,-0.015124477871201124,-0.015124477871201124,0.0,0
-0.15684476816690138,-0.19090449820493607,-0.10877303264298453,0.3799447513038712,0.0,-0.01763055510438104,-0.027181247215081233,-0.19207496930540102,-0.00021634381644337908,-0.0039580996809273,0.008587770201058048,0.0,-0.004468347621464827,0.0009579146371911109,0.020979026486922535,F5B8FC61-C06A-EF11-B2FD-005056A80461,MONEY MARKET FUND,2024-09-27,0.0,4,9,False,-0.015124477871201124,-0.015124477871201124,0.0,0
-0.15684476816690138,-0.19090449820493607,-0.10877303264298453,0.3799447513038712,0.0,-0.01763055510438104,-0.027181247215081233,-0.19207496930540102,-0.00021634381644337908,-0.0039580996809273,0.008587770201058048,0.0,-0.004859233113622047,0.0009640007452648644,0.031742095798773906,F5B8FC61-C06A-EF11-B2FD-005056A80461,MONEY MARKET FUND,2024-09-28,0.0,5,9,True,-0.015124477871201124,-0.015124477871201124,0.0,0
-0.15684476816690138,-0.19090449820493607,-0.10877303264298453,0.3799447513038712,0.0,-0.01763055510438104,-0.027181247215081233,-0.19207496930540102,-0.00021634381644337908,-0.0039580996809273,0.008587770201058048,0.0,-0.005254071855196831,0.0009639686237191653,0.0027247411516658246,F5B8FC61-C06A-EF11-B2FD-005056A80461,MONEY MARKET FUND,2024-09-29,0.0,6,9,True,-0.015124477871201124,-0.015124477871201124,0.0,0
-0.15684476816690138,-0.19090449820493607,-0.10877303264298453,0.3799447513038712,0.0,-0.01763055510438104,-0.027181247215081233,5.206300454537575,-0.00021634381644337908,-0.0039580996809273,0.008587770201058048,0.0,-0.025241401122786316,0.0009531465758659934,-0.04844939544644608,F5B8FC61-C06A-EF11-B2FD-005056A80461,MONEY MARKET FUND,2024-09-30,0.0,0,9,False,-0.015124477871201124,-0.015124477871201124,0.0,0
-0.15684476816690138,-0.19090449820493607,-0.10877303264298453,0.3799447513038712,0.0,-0.01763055510438104,-0.027181247215081233,-0.19207496930540102,-0.00021634381644337908,-0.0039580996809273,0.008587770201058048,0.0,-0.01874145177847575,0.0009699394442664617,0.08252179529506833,F5B8FC61-C06A-EF11-B2FD-005056A80461,MONEY MARKET FUND,2024-10-01,0.0,1,10,False,-0.015124477871201124,-0.015124477871201124,0.0,0
6.486545308297557,5.238221254097949,-0.10877303264298453,-0.8220216193228418,0.0,0.6144262237350105,-0.027181247215081233,-0.19207496930540102,-0.00021634381644337908,-0.0039580996809273,0.7332489419689414,0.7638974725237292,0.3329983010154447,0.9485378576605658,1.1377461779585685,F5B8FC61-C06A-EF11-B2FD-005056A80461,MONEY MARKET FUND,2024-10-02,0.4108083543602131,2,10,False,-0.015124477871201124,0.09616437218521749,0.29444262094543744,1
-0.15684476816690138,-0.19090449820493607,-0.10877303264298453,-0.8220216193228418,0.0,-0.01763055510438104,-0.027181247215081233,-0.19207496930540102,-0.00021634381644337908,-0.0039580996809273,-0.7160734015668254,0.0,0.425618894534822,0.0011878147374025888,-0.09865964575288899,F5B8FC61-C06A-EF11-B2FD-005056A80461,MONEY MARKET FUND,2024-10-03,0.0,3,10,False,0.7638974725237292,0.09616437218521749,0.29444262094543744,1
-0.15684476816690138,-0.19090449820493607,-0.10877303264298453,-0.8220216193228418,0.0,-0.01763055510438104,-0.027181247215081233,-0.19207496930540102,-0.00021634381644337908,-0.0039580996809273,0.008587770201058048,0.0,0.498095805375266,0.0012320356472732387,0.21260668195992244,F5B8FC61-C06A-EF11-B2FD-005056A80461,MONEY MARKET FUND,2024-10-04,0.0,4,10,False,-0.015124477871201124,0.09616437218521749,0.29444262094543744,1
-0.15684476816690138,-0.19090449820493607,-0.10877303264298453,-0.8220216193228418,0.0,-0.01763055510438104,-0.027181247215081233,-0.19207496930540102,-0.00021634381644337908,-0.0039580996809273,0.008587770201058048,0.0,0.5291730484542688,0.0012554930294543924,0.11413004996542736,F5B8FC61-C06A-EF11-B2FD-005056A80461,MONEY MARKET FUND,2024-10-05,0.0,5,10,True,-0.015124477871201124,0.09616437218521749,0.29444262094543744,1
-0.15684476816690138,-0.19090449820493607,-0.10877303264298453,-0.8220216193228418,0.0,-0.01763055510438104,-0.027181247215081233,-0.19207496930540102,-0.00021634381644337908,-0.0039580996809273,0.008587770201058048,0.0,0.49650667893150285,0.0012554350647836269,0.002602173158300219,F5B8FC61-C06A-EF11-B2FD-005056A80461,MONEY MARKET FUND,2024-10-06,0.0,6,10,True,-0.015124477871201124,0.09616437218521749,0.29444262094543744,1
2.8890133814807264,5.238221254097949,-0.10877303264298453,-2.023987989949554,0.0,0.6318077851530939,-0.027181247215081233,-0.19207496930540102,-0.00021634381644337908,-0.0039580996809273,0.7531771241925582,0.7853205761595897,0.6258869640919876,0.9749057793019501,1.2842436063582217,F5B8FC61-C06A-EF11-B2FD-005056A80461,MONEY MARKET FUND,2024-10-07,0.18834720822795567,0,10,False,-0.015124477871201124,0.2105136656181876,0.38540011268473634,1
-0.15684476816690138,-0.19090449820493607,-0.10877303264298453,-2.023987989949554,0.0,-0.01763055510438104,-0.027181247215081233,-0.19207496930540102,-0.00021634381644337908,-0.0039580996809273,-0.7360015837904422,0.0,0.5710394544412133,0.0015358698189052878,0.051548047899016076,F5B8FC61-C06A-EF11-B2FD-005056A80461,MONEY MARKET FUND,2024-10-08,0.0,1,10,False,0.7853205761595897,0.21051366561818763,0.38540011268473634,1
-0.15684476816690138,-0.19090449820493607,-0.10877303264298453,-0.8220216193228418,0.0,-0.01763055510438104,-0.027181247215081233,-0.19207496930540102,-0.00021634381644337908,-0.0039580996809273,0.008587770201058048,0.0,0.6272597145242085,0.001541248551950926,0.028387178882126236,F5B8FC61-C06A-EF11-B2FD-005056A80461,MONEY MARKET FUND,2024-10-09,0.0,2,10,False,-0.015124477871201124,0.09922481556176899,0.30253979302133926,1
-0.15684476816690138,-0.19090449820493607,-0.10877303264298453,-0.8220216193228418,0.0,-0.01763055510438104,-0.027181247215081233,-0.19207496930540102,-0.00021634381644337908,-0.0039580996809273,0.008587770201058048,0.0,0.5956940471176235,0.001548627538619664,0.037873921350304915,F5B8FC61-C06A-EF11-B2FD-005056A80461,MONEY MARKET FUND,2024-10-10,0.0,3,10,False,-0.015124477871201124,0.09922481556176899,0.30253979302133926,1
-0.15684476816690138,-0.19090449820493607,-0.10877303264298453,-0.8220216193228418,0.0,-0.01763055510438104,-0.027181247215081233,-0.19207496930540102,-0.00021634381644337908,-0.0039580996809273,0.008587770201058048,0.0,0.5143863310359117,0.0015215373524336718,-0.12560543057957418,F5B8FC61-C06A-EF11-B2FD-005056A80461,MONEY MARKET FUND,2024-10-11,0.0,4,10,False,-0.015124477871201124,0.09922481556176899,0.30253979302133926,1
-0.15684476816690138,-0.19090449820493607,-0.10877303264298453,-0.8220216193228418,0.0,-0.01763055510438104,-0.027181247215081233,-0.19207496930540102,-0.00021634381644337908,-0.0039580996809273,0.008587770201058048,0.0,0.38834981440558364,0.0015510213078207772,0.14271269934207598,F5B8FC61-C06A-EF11-B2FD-005056A80461,MONEY MARKET FUND,2024-10-12,0.0,5,10,True,-0.015124477871201124,0.09922481556176899,0.30253979302133926,1
-0.15684476816690138,-0.19090449820493607,-0.10877303264298453,-0.8220216193228418,0.0,-0.01763055510438104,-0.027181247215081233,-0.19207496930540102,-0.00021634381644337908,-0.0039580996809273,0.008587770201058048,0.0,-0.019031329281390428,0.0015509370618851483,0.002477527170178874,F5B8FC61-C06A-EF11-B2FD-005056A80461,MONEY MARKET FUND,2024-10-13,0.0,6,10,True,-0.015124477871201124,0.099224815561769,0.30253979302133926,1
6.163189526788173,5.238221254097949,-0.10877303264298453,-0.8220216193228418,0.0,0.03293398720277029,-0.027181247215081233,-0.19207496930540102,-0.00021634381644337908,-0.0039580996809273,0.06656066394248873,0.04719727816039329,-0.022258523180015095,0.077316414839499,-0.09583397725187581,F5B8FC61-C06A-EF11-B2FD-005056A80461,MONEY MARKET FUND,2024-10-14,0.3908129521716026,0,10,False,-0.015124477871201124,-0.006221369866687637,0.02355540969800887,1
-0.15684476816690138,-0.19090449820493607,-0.10877303264298453,-0.8220216193228418,0.0,-0.01763055510438104,-0.027181247215081233,-0.19207496930540102,-0.00021634381644337908,-0.0039580996809273,-0.049385123540372625,0.0,-0.01011880491225577,0.001563561769554456,0.16146423197373191,F5B8FC61-C06A-EF11-B2FD-005056A80461,MONEY MARKET FUND,2024-10-15,0.0,1,10,False,0.04719727816039329,-0.006221369866687637,0.02355540969800887,1
-0.15684476816690138,-0.19090449820493607,-0.10877303264298453,-0.8220216193228418,0.0,-0.01763055510438104,-0.027181247215081233,-0.19207496930540102,-0.00021634381644337908,-0.0039580996809273,0.008587770201058048,0.0,-0.003624758259968744,0.0015623563672858025,-0.0028398592260227727,F5B8FC61-C06A-EF11-B2FD-005056A80461,MONEY MARKET FUND,2024-10-16,0.0,2,10,False,-0.015124477871201124,-0.006221369866687637,0.02355540969800887,0
-0.15684476816690138,-0.19090449820493607,-0.10877303264298453,-0.8220216193228418,0.0,-0.01763055510438104,-0.027181247215081233,-0.19207496930540102,-0.00021634381644337908,-0.0039580996809273,0.008587770201058048,0.0,0.0368540792516995,0.001494610772270697,-0.31842467563983606,F5B8FC61-C06A-EF11-B2FD-005056A80461,MONEY MARKET FUND,2024-10-17,0.0,3,10,False,-0.015124477871201124,-0.006221369866687637,0.02355540969800887,0
-0.15684476816690138,-0.19090449820493607,-0.10877303264298453,-0.8220216193228418,0.0,-0.01763055510438104,-0.027181247215081233,-0.19207496930540102,-0.00021634381644337908,-0.0039580996809273,0.008587770201058048,0.0,0.41859867745626617,0.0012467631521533875,-1.1726071206009039,F5B8FC61-C06A-EF11-B2FD-005056A80461,MONEY MARKET FUND,2024-10-18,0.0,4,10,False,-0.015124477871201124,-0.006221369866687637,0.02355540969800887,0
-0.15684476816690138,-0.19090449820493607,-0.10877303264298453,-0.8220216193228418,0.0,-0.01763055510438104,-0.027181247215081233,-0.19207496930540102,-0.00021634381644337908,-0.0039580996809273,0.008587770201058048,0.0,0.41405577431559437,0.0015346391063835708,1.368206467133911,F5B8FC61-C06A-EF11-B2FD-005056A80461,MONEY MARKET FUND,2024-10-19,0.0,5,10,True,-0.015124477871201124,-0.006221369866687637,0.02355540969800887,0
-0.15684476816690138,-0.19090449820493607,-0.10877303264298453,-0.8220216193228418,0.0,-0.01763055510438104,-0.027181247215081233,-0.19207496930540102,-0.00021634381644337908,-0.0039580996809273,0.008587770201058048,0.0,0.4092342733036804,0.0015345556490989694,0.002481267560739013,F5B8FC61-C06A-EF11-B2FD-005056A80461,MONEY MARKET FUND,2024-10-20,0.0,6,10,True,-0.015124477871201124,-0.006221369866687637,0.02355540969800887,0
-0.15684476816690138,-0.19090449820493607,-0.10877303264298453,0.3799447513038712,0.0,-0.01763055510438104,-0.027181247215081233,-0.19207496930540102,-0.00021634381644337908,-0.0039580996809273,0.008587770201058048,0.0,0.41025327680338547,0.001534472194183259,0.002481278793143069,F5B8FC61-C06A-EF11-B2FD-005056A80461,MONEY MARKET FUND,2024-10-21,0.0,0,10,False,-0.015124477871201124,-0.015124477871201124,0.0,0
-0.15684476816690138,-0.19090449820493607,-0.10877303264298453,0.3799447513038712,0.0,-0.01763055510438104,-0.027181247215081233,-0.19207496930540102,-0.00021634381644337908,-0.0039580996809273,0.008587770201058048,0.0,0.398581087575563,0.0015294657897098648,-0.02086713767473989,F5B8FC61-C06A-EF11-B2FD-005056A80461,MONEY MARKET FUND,2024-10-22,0.0,1,10,False,-0.015124477871201124,-0.015124477871201124,0.0,0
-0.15684476816690138,-0.19090449820493607,-0.10877303264298453,0.3799447513038712,0.0,-0.01763055510438104,-0.027181247215081233,-0.19207496930540102,-0.00021634381644337908,-0.0039580996809273,0.008587770201058048,0.0,0.3858299410384666,0.0015284601056321336,-0.0018926418220136796,F5B8FC61-C06A-EF11-B2FD-005056A80461,MONEY MARKET FUND,2024-10-23,0.0,2,10,False,-0.015124477871201124,-0.015124477871201124,0.0,0
-0.15684476816690138,-0.19090449820493607,-0.10877303264298453,0.3799447513038712,0.0,-0.01763055510438104,-0.027181247215081233,-0.19207496930540102,-0.00021634381644337908,-0.0039580996809273,0.008587770201058048,0.0,0.38800599585221196,0.0015139879152922505,-0.0657611809874102,F5B8FC61-C06A-EF11-B2FD-005056A80461,MONEY MARKET FUND,2024-10-24,0.0,3,10,False,-0.015124477871201124,-0.015124477871201124,0.0,0
-0.15684476816690138,-0.19090449820493607,-0.10877303264298453,0.3799447513038712,0.0,-0.01763055510438104,-0.027181247215081233,-0.19207496930540102,-0.00021634381644337908,-0.0039580996809273,0.008587770201058048,0.0,0.029825617366976323,0.001470167007831927,-0.20495539011081276,F5B8FC61-C06A-EF11-B2FD-005056A80461,MONEY MARKET FUND,2024-10-25,0.0,4,10,False,-0.015124477871201124,-0.015124477871201124,0.0,0
-0.15684476816690138,-0.19090449820493607,-0.10877303264298453,0.3799447513038712,0.0,-0.01763055510438104,-0.027181247215081233,-0.19207496930540102,-0.00021634381644337908,-0.0039580996809273,0.008587770201058048,0.0,0.028971867720833235,0.0015045653512935093,0.166020510669194,F5B8FC61-C06A-EF11-B2FD-005056A80461,MONEY MARKET FUND,2024-10-26,0.0,5,10,True,-0.015124477871201124,-0.015124477871201124,0.0,0
-0.15684476816690138,-0.19090449820493607,-0.10877303264298453,0.3799447513038712,0.0,-0.01763055510438104,-0.027181247215081233,-0.19207496930540102,-0.00021634381644337908,-0.0039580996809273,0.008587770201058048,0.0,0.02410849152945294,0.0015044840254991253,0.0024913767244147205,F5B8FC61-C06A-EF11-B2FD-005056A80461,MONEY MARKET FUND,2024-10-27,0.0,6,10,True,-0.015124477871201124,-0.015124477871201124,0.0,0
-0.15684476816690138,-0.19090449820493607,-0.10877303264298453,0.3799447513038712,0.0,-0.01763055510438104,-0.027181247215081233,-0.19207496930540102,-0.00021634381644337908,-0.0039580996809273,0.008587770201058048,0.0,0.05822151862306468,0.001448651031218771,-0.2619259526745052,F5B8FC61-C06A-EF11-B2FD-005056A80461,MONEY MARKET FUND,2024-10-28,0.0,0,10,False,-0.015124477871201124,-0.015124477871201124,0.0,0
-0.15684476816690138,-0.19090449820493607,-0.10877303264298453,0.3799447513038712,0.0,-0.01763055510438104,-0.027181247215081233,-0.19207496930540102,-0.00021634381644337908,-0.0039580996809273,0.008587770201058048,0.0,0.04733462099493875,0.0014824445503455494,0.16315196808179278,F5B8FC61-C06A-EF11-B2FD-005056A80461,MONEY MARKET FUND,2024-10-29,0.0,1,10,False,-0.015124477871201124,-0.015124477871201124,0.0,0
-0.15684476816690138,-0.19090449820493607,-0.10877303264298453,0.3799447513038712,0.0,-0.01763055510438104,-0.027181247215081233,-0.19207496930540102,-0.00021634381644337908,-0.0039580996809273,0.008587770201058048,0.0,0.026980362579338828,0.0014838535785357198,0.009559782593286261,F5B8FC61-C06A-EF11-B2FD-005056A80461,MONEY MARKET FUND,2024-10-30,0.0,2,10,False,-0.015124477871201124,-0.015124477871201124,0.0,0
-0.15684476816690138,-0.19090449820493607,-0.10877303264298453,0.3799447513038712,0.0,-0.01763055510438104,-0.027181247215081233,5.206300454537575,-0.00021634381644337908,-0.0039580996809273,0.008587770201058048,0.0,0.012498238523249808,0.0014831811836182698,-0.0003119280600666505,F5B8FC61-C06A-EF11-B2FD-005056A80461,MONEY MARKET FUND,2024-10-31,0.0,3,10,False,-0.015124477871201124,-0.015124477871201124,0.0,0
-0.15684476816690138,-0.19090449820493607,-0.10877303264298453,0.3799447513038712,0.0,-0.01763055510438104,-0.027181247215081233,-0.19207496930540102,-0.00021634381644337908,-0.0039580996809273,0.008587770201058048,0.0,0.02122195018361442,0.0015126244938701789,0.1425199288231848,F5B8FC61-C06A-EF11-B2FD-005056A80461,MONEY MARKET FUND,2024-11-01,0.0,4,11,False,-0.015124477871201124,-0.015124477871201124,0.0,0
-0.15684476816690138,-0.19090449820493607,-0.10877303264298453,0.3799447513038712,0.0,-0.01763055510438104,-0.027181247215081233,-0.19207496930540102,-0.00021634381644337908,-0.0039580996809273,0.008587770201058048,0.0,0.026243350929512084,0.0015125425333651884,0.0024883664401201197,F5B8FC61-C06A-EF11-B2FD-005056A80461,MONEY MARKET FUND,2024-11-02,0.0,5,11,True,-0.015124477871201124,-0.015124477871201124,0.0,0
-0.15684476816690138,-0.19090449820493607,-0.10877303264298453,0.3799447513038712,0.0,-0.01763055510438104,-0.027181247215081233,-0.19207496930540102,-0.00021634381644337908,-0.0039580996809273,0.008587770201058048,0.0,0.030724030219811554,0.0015124605728596464,0.0024883664401201197,F5B8FC61-C06A-EF11-B2FD-005056A80461,MONEY MARKET FUND,2024-11-03,0.0,6,11,True,-0.015124477871201124,-0.015124477871201124,0.0,0
6.2918880134529545,5.238221254097949,-0.10877303264298453,-0.8220216193228418,0.0,0.06137654225054292,-0.027181247215081233,-0.19207496930540102,-0.00021634381644337908,-0.0039580996809273,0.09917041667204349,0.08225326592816516,-0.005918172356749175,0.1199237380996201,-0.01989648947581178,F5B8FC61-C06A-EF11-B2FD-005056A80461,MONEY MARKET FUND,2024-11-04,0.39877130068145644,0,11,False,-0.015124477871201124,-0.001213371614148798,0.03680532763236469,1
-0.15684476816690138,-0.19090449820493607,-0.10877303264298453,-0.8220216193228418,0.0,-0.01763055510438104,-0.027181247215081233,-0.19207496930540102,-0.00021634381644337908,-0.0039580996809273,-0.08199487626992737,0.0,-0.006916381988579365,0.001520369997250952,0.0631632410818996,F5B8FC61-C06A-EF11-B2FD-005056A80461,MONEY MARKET FUND,2024-11-05,0.0,1,11,False,0.08225326592816516,-0.0012133716141487986,0.03680532763236469,1
-0.15684476816690138,-0.19090449820493607,-0.10877303264298453,-0.8220216193228418,0.0,-0.01763055510438104,-0.027181247215081233,-0.19207496930540102,-0.00021634381644337908,-0.0039580996809273,0.008587770201058048,0.0,-0.020201310428652103,0.001511248195883751,-0.04038551776562067,F5B8FC61-C06A-EF11-B2FD-005056A80461,MONEY MARKET FUND,2024-11-06,0.0,2,11,False,-0.015124477871201124,-0.0012133716141487986,0.03680532763236469,0
-0.15684476816690138,-0.19090449820493607,-0.10877303264298453,-0.8220216193228418,0.0,-0.01763055510438104,-0.027181247215081233,-0.19207496930540102,-0.00021634381644337908,-0.0039580996809273,0.008587770201058048,0.0,-0.04521713435011131,0.0015250906353045791,0.06852858984353993,F5B8FC61-C06A-EF11-B2FD-005056A80461,MONEY MARKET FUND,2024-11-07,0.0,3,11,False,-0.015124477871201124,-0.0012133716141487986,0.03680532763236469,0
-0.15684476816690138,-0.19090449820493607,-0.10877303264298453,-0.8220216193228418,0.0,-0.01763055510438104,-0.027181247215081233,-0.19207496930540102,-0.00021634381644337908,-0.0039580996809273,0.008587770201058048,0.0,0.025171940331097625,0.0015720662702685838,0.22567170893236538,F5B8FC61-C06A-EF11-B2FD-005056A80461,MONEY MARKET FUND,2024-11-08,0.0,4,11,False,-0.015124477871201124,-0.0012133716141487986,0.03680532763236469,0
-0.15684476816690138,-0.19090449820493607,-0.10877303264298453,-0.8220216193228418,0.0,-0.01763055510438104,-0.027181247215081233,-0.19207496930540102,-0.00021634381644337908,-0.0039580996809273,0.008587770201058048,0.0,0.02380531255666876,0.0015319824629597511,-0.18723118438909322,F5B8FC61-C06A-EF11-B2FD-005056A80461,MONEY MARKET FUND,2024-11-09,0.0,5,11,True,-0.015124477871201124,-0.0012133716141487986,0.03680532763236469,0
-0.15684476816690138,-0.19090449820493607,-0.10877303264298453,-0.8220216193228418,0.0,-0.01763055510438104,-0.027181247215081233,-0.19207496930540102,-0.00021634381644337908,-0.0039580996809273,0.008587770201058048,0.0,0.0205752698925751,0.001531898458593109,0.0024786728753951135,F5B8FC61-C06A-EF11-B2FD-005056A80461,MONEY MARKET FUND,2024-11-10,0.0,6,11,True,-0.015124477871201124,-0.0012133716141487986,0.03680532763236469,0
-0.15684476816690138,-0.19090449820493607,-0.10877303264298453,0.3799447513038712,0.0,-0.01763055510438104,-0.027181247215081233,-0.19207496930540102,-0.00021634381644337908,-0.0039580996809273,0.008587770201058048,0.0,0.021199730774070398,0.001506781974776567,-0.11624461459358239,F5B8FC61-C06A-EF11-B2FD-005056A80461,MONEY MARKET FUND,2024-11-11,0.0,0,11,False,-0.015124477871201124,-0.015124477871201124,0.0,0
-0.15684476816690138,-0.19090449820493607,-0.10877303264298453,0.3799447513038712,0.0,-0.01763055510438104,-0.027181247215081233,-0.19207496930540102,-0.00021634381644337908,-0.0039580996809273,0.008587770201058048,0.0,0.028051783293030402,0.0015055916468743422,-0.0027683649740266433,F5B8FC61-C06A-EF11-B2FD-005056A80461,MONEY MARKET FUND,2024-11-12,0.0,1,11,False,-0.015124477871201124,-0.015124477871201124,0.0,0
-0.15684476816690138,-0.19090449820493607,-0.10877303264298453,0.3799447513038712,0.0,-0.01763055510438104,-0.027181247215081233,-0.19207496930540102,-0.00021634381644337908,-0.0039580996809273,0.008587770201058048,0.0,0.0238707790521561,0.001527095580572071,0.10486529349916227,F5B8FC61-C06A-EF11-B2FD-005056A80461,MONEY MARKET FUND,2024-11-13,0.0,2,11,False,-0.015124477871201124,-0.015124477871201124,0.0,0
6.331027844001409,5.238221254097949,-0.10877303264298453,-0.8220216193228418,0.0,0.0812547279450418,-0.027181247215081233,-0.19207496930540102,-0.00021634381644337908,-0.0039580996809273,0.12196101052414342,0.10675350626808572,0.041876790557417325,0.14977674920988499,0.19300909095544008,F5B8FC61-C06A-EF11-B2FD-005056A80461,MONEY MARKET FUND,2024-11-14,0.40119159652326036,3,11,False,-0.015124477871201124,0.0022866627201255673,0.04606554805814458,1
-0.15684476816690138,-0.19090449820493607,-0.10877303264298453,-0.8220216193228418,0.0,-0.01763055510438104,-0.027181247215081233,-0.19207496930540102,-0.00021634381644337908,-0.0039580996809273,-0.10478547012202731,0.0,0.02593557561848718,0.00155357258224892,-0.06168059460490916,F5B8FC61-C06A-EF11-B2FD-005056A80461,MONEY MARKET FUND,2024-11-15,0.0,4,11,False,0.10675350626808572,0.002286662720125568,0.04606554805814458,1
-0.15684476816690138,-0.19090449820493607,-0.10877303264298453,-0.8220216193228418,0.0,-0.01763055510438104,-0.027181247215081233,-0.19207496930540102,-0.00021634381644337908,-0.0039580996809273,0.008587770201058048,0.0,0.042011544943898874,0.0015678514275512707,0.07059836247930945,F5B8FC61-C06A-EF11-B2FD-005056A80461,MONEY MARKET FUND,2024-11-16,0.0,5,11,True,-0.015124477871201124,0.0022866627201255678,0.04606554805814458,0
-0.15684476816690138,-0.19090449820493607,-0.10877303264298453,-0.8220216193228418,0.0,-0.01763055510438104,-0.027181247215081233,-0.19207496930540102,-0.00021634381644337908,-0.0039580996809273,0.008587770201058048,0.0,0.05147473059332389,0.0015677640459576972,0.0024626554671714003,F5B8FC61-C06A-EF11-B2FD-005056A80461,MONEY MARKET FUND,2024-11-17,0.0,6,11,True,-0.015124477871201124,0.002286662720125568,0.04606554805814458,0
1.4458589965316953,5.238221254097949,-0.10877303264298453,-2.023987989949554,0.0,0.07717796172152772,-0.027181247215081233,-0.19207496930540102,-0.00021634381644337908,-0.0039580996809273,0.11728694596624056,0.10172881468803842,0.04638235014432897,0.14368281082798726,0.07758355869872599,F5B8FC61-C06A-EF11-B2FD-005056A80461,MONEY MARKET FUND,2024-11-18,0.09910664412666016,0,11,False,-0.015124477871201124,0.018979990228588362,0.05826252625768682,1
-0.15684476816690138,-0.19090449820493607,-0.10877303264298453,-2.023987989949554,0.0,-0.01763055510438104,-0.027181247215081233,-0.19207496930540102,-0.00021634381644337908,-0.0039580996809273,-0.10011140556412446,0.0,0.024114697756787585,0.0015970576877588232,0.06710361336421844,F5B8FC61-C06A-EF11-B2FD-005056A80461,MONEY MARKET FUND,2024-11-19,0.0,1,11,False,0.10172881468803842,0.018979990228588362,0.05826252625768682,1
-0.15684476816690138,-0.19090449820493607,-0.10877303264298453,-2.023987989949554,0.0,-0.01763055510438104,-0.027181247215081233,-0.19207496930540102,-0.00021634381644337908,-0.0039580996809273,0.008587770201058048,0.0,-0.0042728857225747515,0.0015913701326836804,-0.024097678180963877,F5B8FC61-C06A-EF11-B2FD-005056A80461,MONEY MARKET FUND,2024-11-20,0.0,2,11,False,-0.015124477871201124,0.018979990228588355,0.05826252625768682,0
-0.15684476816690138,-0.19090449820493607,-0.10877303264298453,-0.8220216193228418,0.0,-0.01763055510438104,-0.027181247215081233,-0.19207496930540102,-0.00021634381644337908,-0.0039580996809273,0.008587770201058048,0.0,-0.00392715627824066,0.0015663142234280372,-0.11595732339432271,F5B8FC61-C06A-EF11-B2FD-005056A80461,MONEY MARKET FUND,2024-11-21,0.0,3,11,False,-0.015124477871201124,0.0015688496372616664,0.044166393153553314,0
-0.15684476816690138,-0.19090449820493607,-0.10877303264298453,-0.8220216193228418,0.0,-0.01763055510438104,-0.027181247215081233,-0.19207496930540102,-0.00021634381644337908,-0.0039580996809273,0.008587770201058048,0.0,-0.017410934022862503,0.0015737846225729497,0.038307469683142824,F5B8FC61-C06A-EF11-B2FD-005056A80461,MONEY MARKET FUND,2024-11-22,0.0,4,11,False,-0.015124477871201124,0.0015688496372616664,0.044166393153553314,0
-0.15684476816690138,-0.19090449820493607,-0.10877303264298453,-0.8220216193228418,0.0,-0.01763055510438104,-0.027181247215081233,-0.19207496930540102,-0.00021634381644337908,-0.0039580996809273,0.008587770201058048,0.0,-0.020689002051216748,0.0015841340623807534,0.051962096778364684,F5B8FC61-C06A-EF11-B2FD-005056A80461,MONEY MARKET FUND,2024-11-23,0.0,5,11,True,-0.015124477871201124,0.0015688496372616664,0.044166393153553314,0
-0.15684476816690138,-0.19090449820493607,-0.10877303264298453,-0.8220216193228418,0.0,-0.01763055510438104,-0.027181247215081233,-0.19207496930540102,-0.00021634381644337908,-0.0039580996809273,0.008587770201058048,0.0,-0.026849871689351892,0.0015840447624469768,0.0024535572198632638,F5B8FC61-C06A-EF11-B2FD-005056A80461,MONEY MARKET FUND,2024-11-24,0.0,6,11,True,-0.015124477871201124,0.0015688496372616664,0.044166393153553314,0
-0.15684476816690138,-0.19090449820493607,-0.10877303264298453,0.3799447513038712,0.0,-0.01763055510438104,-0.027181247215081233,-0.19207496930540102,-0.00021634381644337908,-0.0039580996809273,0.008587770201058048,0.0,-0.016272280038480115,0.0015628341453772705,-0.0977199877568292,F5B8FC61-C06A-EF11-B2FD-005056A80461,MONEY MARKET FUND,2024-11-25,0.0,0,11,False,-0.015124477871201124,-0.015124477871201124,0.0,0
-0.15684476816690138,-0.19090449820493607,-0.10877303264298453,0.3799447513038712,0.0,-0.01763055510438104,-0.027181247215081233,-0.19207496930540102,-0.00021634381644337908,-0.0039580996809273,0.008587770201058048,0.0,0.14329952908851246,0.0014477296357062305,-0.543037105671298,F5B8FC61-C06A-EF11-B2FD-005056A80461,MONEY MARKET FUND,2024-11-26,0.0,1,11,False,-0.015124477871201124,-0.015124477871201124,0.0,0
-0.15684476816690138,-0.19090449820493607,-0.10877303264298453,0.3799447513038712,0.0,-0.01763055510438104,-0.027181247215081233,-0.19207496930540102,-0.00021634381644337908,-0.0039580996809273,0.008587770201058048,0.0,0.1348116743344268,0.0015429139201649728,0.4543142356899696,F5B8FC61-C06A-EF11-B2FD-005056A80461,MONEY MARKET FUND,2024-11-27,0.0,2,11,False,-0.015124477871201124,-0.015124477871201124,0.0,0
-0.15684476816690138,-0.19090449820493607,-0.10877303264298453,0.3799447513038712,0.0,-0.01763055510438104,-0.027181247215081233,-0.19207496930540102,-0.00021634381644337908,-0.0039580996809273,0.008587770201058048,0.0,0.13336173656163514,0.0015411650662468005,-0.005417325293988584,F5B8FC61-C06A-EF11-B2FD-005056A80461,MONEY MARKET FUND,2024-11-28,0.0,3,11,False,-0.015124477871201124,-0.015124477871201124,0.0,0
-0.15684476816690138,-0.19090449820493607,-0.10877303264298453,0.3799447513038712,0.0,-0.01763055510438104,-0.027181247215081233,-0.19207496930540102,-0.00021634381644337908,-0.0039580996809273,0.008587770201058048,0.0,0.14025201584701524,0.001499209785169571,-0.1961071536527949,F5B8FC61-C06A-EF11-B2FD-005056A80461,MONEY MARKET FUND,2024-11-29,0.0,4,11,False,-0.015124477871201124,-0.015124477871201124,0.0,0
-0.15684476816690138,-0.19090449820493607,-0.10877303264298453,0.3799447513038712,0.0,-0.01763055510438104,-0.027181247215081233,5.206300454537575,-0.00021634381644337908,-0.0039580996809273,0.008587770201058048,0.0,0.12386607258987373,0.001550535998466668,0.24630550044601054,F5B8FC61-C06A-EF11-B2FD-005056A80461,MONEY MARKET FUND,2024-11-30,0.0,5,11,True,-0.015124477871201124,-0.015124477871201124,0.0,0
-0.15684476816690138,-0.19090449820493607,-0.10877303264298453,0.3799447513038712,0.0,-0.01763055510438104,-0.027181247215081233,-0.19207496930540102,-0.00021634381644337908,-0.0039580996809273,0.008587770201058048,0.0,0.10385846736516366,0.0015520430870121446,0.010024860284388443,F5B8FC61-C06A-EF11-B2FD-005056A80461,MONEY MARKET FUND,2024-12-01,0.0,6,12,True,-0.015124477871201124,-0.015124477871201124,0.0,0
-0.15684476816690138,-0.19090449820493607,-0.10877303264298453,0.3799447513038712,0.0,-0.01763055510438104,-0.027181247215081233,-0.19207496930540102,-0.00021634381644337908,-0.0039580996809273,0.008587770201058048,0.0,0.09537701969830067,0.0015456009917840707,-0.027676288424946398,F5B8FC61-C06A-EF11-B2FD-005056A80461,MONEY MARKET FUND,2024-12-02,0.0,0,12,False,-0.015124477871201124,-0.015124477871201124,0.0,0
-0.15684476816690138,-0.19090449820493607,-0.10877303264298453,0.3799447513038712,0.0,-0.01763055510438104,-0.027181247215081233,-0.19207496930540102,-0.00021634381644337908,-0.0039580996809273,0.008587770201058048,0.0,0.08494998437389459,0.0014550637900473083,-0.426520019618094,F5B8FC61-C06A-EF11-B2FD-005056A80461,MONEY MARKET FUND,2024-12-03,0.0,1,12,False,-0.015124477871201124,-0.015124477871201124,0.0,0
-0.15684476816690138,-0.19090449820493607,-0.10877303264298453,0.3799447513038712,0.0,-0.01763055510438104,-0.027181247215081233,-0.19207496930540102,-0.00021634381644337908,-0.0039580996809273,0.008587770201058048,0.0,0.08612094101399627,0.0015015840962401541,0.22351218938796383,F5B8FC61-C06A-EF11-B2FD-005056A80461,MONEY MARKET FUND,2024-12-04,0.0,2,12,False,-0.015124477871201124,-0.015124477871201124,0.0,0
-0.15684476816690138,-0.19090449820493607,-0.10877303264298453,0.3799447513038712,0.0,-0.01763055510438104,-0.027181247215081233,-0.19207496930540102,-0.00021634381644337908,-0.0039580996809273,0.008587770201058048,0.0,0.0838644804720952,0.0015000250064575809,-0.004517317684345811,F5B8FC61-C06A-EF11-B2FD-005056A80461,MONEY MARKET FUND,2024-12-05,0.0,3,12,False,-0.015124477871201124,-0.015124477871201124,0.0,0
-0.15684476816690138,-0.19090449820493607,-0.10877303264298453,0.3799447513038712,0.0,-0.01763055510438104,-0.027181247215081233,-0.19207496930540102,-0.00021634381644337908,-0.0039580996809273,0.008587770201058048,0.0,0.08499206339390838,0.0014958652532679655,-0.016851665538714086,F5B8FC61-C06A-EF11-B2FD-005056A80461,MONEY MARKET FUND,2024-12-06,0.0,4,12,False,-0.015124477871201124,-0.015124477871201124,0.0,0
-0.15684476816690138,-0.19090449820493607,-0.10877303264298453,0.3799447513038712,0.0,-0.01763055510438104,-0.027181247215081233,-0.19207496930540102,-0.00021634381644337908,-0.0039580996809273,0.008587770201058048,0.0,0.06946707498747162,0.0015135940586755378,0.08696072906506444,F5B8FC61-C06A-EF11-B2FD-005056A80461,MONEY MARKET FUND,2024-12-07,0.0,5,12,True,-0.015124477871201124,-0.015124477871201124,0.0,0
-0.15684476816690138,-0.19090449820493607,-0.10877303264298453,0.3799447513038712,0.0,-0.01763055510438104,-0.027181247215081233,-0.19207496930540102,-0.00021634381644337908,-0.0039580996809273,0.008587770201058048,0.0,0.04513589077464517,0.0015135097345858044,0.0024771565008437574,F5B8FC61-C06A-EF11-B2FD-005056A80461,MONEY MARKET FUND,2024-12-08,0.0,6,12,True,-0.015124477871201124,-0.015124477871201124,0.0,0
-0.15684476816690138,-0.19090449820493607,-0.10877303264298453,0.3799447513038712,0.0,-0.01763055510438104,-0.027181247215081233,-0.19207496930540102,-0.00021634381644337908,-0.0039580996809273,0.008587770201058048,0.0,0.019982611518141277,0.0014761437089221082,-0.17434137168795827,F5B8FC61-C06A-EF11-B2FD-005056A80461,MONEY MARKET FUND,2024-12-09,0.0,0,12,False,-0.015124477871201124,-0.015124477871201124,0.0,0
6.351886076462435,5.238221254097949,-0.10877303264298453,-0.8220216193228418,0.0,0.0929793811925125,-0.027181247215081233,-0.19207496930540102,-0.00021634381644337908,-0.0039580996809273,0.13540347526043767,0.12120436344791168,0.0043432730603753635,0.16731489333113483,0.2696040113425468,F5B8FC61-C06A-EF11-B2FD-005056A80461,MONEY MARKET FUND,2024-12-10,0.40248141031615103,1,12,False,-0.015124477871201124,0.004351070888672133,0.051527458675428336,1
-0.15684476816690138,-0.19090449820493607,-0.10877303264298453,-0.8220216193228418,0.0,-0.01763055510438104,-0.027181247215081233,-0.19207496930540102,-0.00021634381644337908,-0.0039580996809273,-0.11822793485832155,0.0,0.026553556541045145,0.0015436449215690898,0.056292873729434784,F5B8FC61-C06A-EF11-B2FD-005056A80461,MONEY MARKET FUND,2024-12-11,0.0,2,12,False,0.12120436344791168,0.004351070888672133,0.051527458675428336,1
-0.15684476816690138,-0.19090449820493607,-0.10877303264298453,-0.8220216193228418,0.0,-0.01763055510438104,-0.027181247215081233,-0.19207496930540102,-0.00021634381644337908,-0.0039580996809273,0.008587770201058048,0.0,0.038082697725087905,0.0015451178020779296,0.009862619439798034,F5B8FC61-C06A-EF11-B2FD-005056A80461,MONEY MARKET FUND,2024-12-12,0.0,3,12,False,-0.015124477871201124,0.004351070888672132,0.051527458675428336,0
-0.15684476816690138,-0.19090449820493607,-0.10877303264298453,-0.8220216193228418,0.0,-0.01763055510438104,-0.027181247215081233,-0.19207496930540102,-0.00021634381644337908,-0.0039580996809273,0.008587770201058048,0.0,0.0325075194958226,0.0015336748039880403,-0.05139441947325694,F5B8FC61-C06A-EF11-B2FD-005056A80461,MONEY MARKET FUND,2024-12-13,0.0,4,12,False,-0.015124477871201124,0.004351070888672133,0.051527458675428336,0
-0.15684476816690138,-0.19090449820493607,-0.10877303264298453,-0.8220216193228418,0.0,-0.01763055510438104,-0.027181247215081233,-0.19207496930540102,-0.00021634381644337908,-0.0039580996809273,0.008587770201058048,0.0,0.03608874842290297,0.0015439991087988093,0.05184288727381973,F5B8FC61-C06A-EF11-B2FD-005056A80461,MONEY MARKET FUND,2024-12-14,0.0,5,12,True,-0.015124477871201124,0.004351070888672132,0.051527458675428336,0
-0.15684476816690138,-0.19090449820493607,-0.10877303264298453,-0.8220216193228418,0.0,-0.01763055510438104,-0.027181247215081233,-0.19207496930540102,-0.00021634381644337908,-0.0039580996809273,0.008587770201058048,0.0,0.035752576567159196,0.0015439117082590701,0.0024625656079389543,F5B8FC61-C06A-EF11-B2FD-005056A80461,MONEY MARKET FUND,2024-12-15,0.0,6,12,True,-0.015124477871201124,0.004351070888672133,0.051527458675428336,0
-0.15684476816690138,-0.19090449820493607,-0.10877303264298453,-0.8220216193228418,0.0,-0.01763055510438104,-0.027181247215081233,-0.19207496930540102,-0.00021634381644337908,-0.0039580996809273,0.008587770201058048,0.0,-0.029297374592049633,0.0015189181190179426,-0.11566175391325416,F5B8FC61-C06A-EF11-B2FD-005056A80461,MONEY MARKET FUND,2024-12-16,0.0,0,12,False,-0.015124477871201124,0.004351070888672132,0.051527458675428336,0
-0.15684476816690138,-0.19090449820493607,-0.10877303264298453,0.3799447513038712,0.0,-0.01763055510438104,-0.027181247215081233,-0.19207496930540102,-0.00021634381644337908,-0.0039580996809273,0.008587770201058048,0.0,-0.007788024157546765,0.0015083504360078796,-0.04724300155060098,F5B8FC61-C06A-EF11-B2FD-005056A80461,MONEY MARKET FUND,2024-12-17,0.0,1,12,False,-0.015124477871201124,-0.015124477871201124,0.0,0
-0.15684476816690138,-0.19090449820493607,-0.10877303264298453,0.3799447513038712,0.0,-0.01763055510438104,-0.027181247215081233,-0.19207496930540102,-0.00021634381644337908,-0.0039580996809273,0.008587770201058048,0.0,0.004754599774752544,0.001504207675525999,-0.016771073039411097,F5B8FC61-C06A-EF11-B2FD-005056A80461,MONEY MARKET FUND,2024-12-18,0.0,2,12,False,-0.015124477871201124,-0.015124477871201124,0.0,0
-0.15684476816690138,-0.19090449820493607,-0.10877303264298453,0.3799447513038712,0.0,-0.01763055510438104,-0.027181247215081233,-0.19207496930540102,-0.00021634381644337908,-0.0039580996809273,0.008587770201058048,0.0,0.19273364627287679,0.0013684533128655982,-0.6409746047345637,F5B8FC61-C06A-EF11-B2FD-005056A80461,MONEY MARKET FUND,2024-12-19,0.0,3,12,False,-0.015124477871201124,-0.015124477871201124,0.0,0
-0.15684476816690138,-0.19090449820493607,-0.10877303264298453,0.3799447513038712,0.0,-0.01763055510438104,-0.027181247215081233,-0.19207496930540102,-0.00021634381644337908,-0.0039580996809273,0.008587770201058048,0.0,0.18669450287434577,0.0014892451928829448,0.575765166469518,F5B8FC61-C06A-EF11-B2FD-005056A80461,MONEY MARKET FUND,2024-12-20,0.0,4,12,False,-0.015124477871201124,-0.015124477871201124,0.0,0
-0.15684476816690138,-0.19090449820493607,-0.10877303264298453,0.3799447513038712,0.0,-0.01763055510438104,-0.027181247215081233,-0.19207496930540102,-0.00021634381644337908,-0.0039580996809273,0.008587770201058048,0.0,0.17105648136728693,0.0014970642989616061,0.039961306395677895,F5B8FC61-C06A-EF11-B2FD-005056A80461,MONEY MARKET FUND,2024-12-21,0.0,5,12,True,-0.015124477871201124,-0.015124477871201124,0.0,0
-0.15684476816690138,-0.19090449820493607,-0.10877303264298453,0.3799447513038712,0.0,-0.01763055510438104,-0.027181247215081233,-0.19207496930540102,-0.00021634381644337908,-0.0039580996809273,0.008587770201058048,0.0,0.15006992916227072,0.0014969802685437798,0.0024785493189505,F5B8FC61-C06A-EF11-B2FD-005056A80461,MONEY MARKET FUND,2024-12-22,0.0,6,12,True,-0.015124477871201124,-0.015124477871201124,0.0,0
6.4684321840111725,5.238221254097949,-0.10877303264298453,-0.8220216193228418,0.0,0.5354191263800866,-0.027181247215081233,-0.19207496930540102,-0.00021634381644337908,-0.0039580996809273,0.642666295497956,0.6665197287243629,0.26823408077201677,0.8305540191120526,0.6881311266425723,F5B8FC61-C06A-EF11-B2FD-005056A80461,MONEY MARKET FUND,2024-12-23,0.4096882902521649,0,12,False,-0.015124477871201124,0.08225326592816518,0.25763729332773977,1
-0.15684476816690138,-0.19090449820493607,-0.10877303264298453,-0.8220216193228418,0.0,-0.01763055510438104,-0.027181247215081233,-0.19207496930540102,-0.00021634381644337908,-0.0039580996809273,-0.62549075509584,0.0,0.4398962472494243,0.0017354142058686466,0.44846032228028715,F5B8FC61-C06A-EF11-B2FD-005056A80461,MONEY MARKET FUND,2024-12-24,0.0,1,12,False,0.6665197287243629,0.08225326592816518,0.25763729332773977,1
-0.15684476816690138,-0.19090449820493607,-0.10877303264298453,-0.8220216193228418,0.0,-0.01763055510438104,-0.027181247215081233,-0.19207496930540102,-0.00021634381644337908,-0.0039580996809273,0.008587770201058048,0.0,0.49161220766402686,0.001687371364936781,-0.22497904866701338,F5B8FC61-C06A-EF11-B2FD-005056A80461,MONEY MARKET FUND,2024-12-25,0.0,2,12,False,-0.015124477871201124,0.08225326592816518,0.25763729332773977,1
-0.15684476816690138,-0.19090449820493607,-0.10877303264298453,-0.8220216193228418,0.0,-0.01763055510438104,-0.027181247215081233,-0.19207496930540102,-0.00021634381644337908,-0.0039580996809273,0.008587770201058048,0.0,0.3876210921684331,0.0016872693542207672,0.0023932729071441355,F5B8FC61-C06A-EF11-B2FD-005056A80461,MONEY MARKET FUND,2024-12-26,0.0,3,12,False,-0.015124477871201124,0.08225326592816518,0.25763729332773977,1
-0.15684476816690138,-0.19090449820493607,-0.10877303264298453,-0.8220216193228418,0.0,-0.01763055510438104,-0.027181247215081233,-0.19207496930540102,-0.00021634381644337908,-0.0039580996809273,0.008587770201058048,0.0,0.34290525077563005,0.0016823892262869497,-0.0202682371213792,F5B8FC61-C06A-EF11-B2FD-005056A80461,MONEY MARKET FUND,2024-12-27,0.0,4,12,False,-0.015124477871201124,0.08225326592816518,0.25763729332773977,1
-0.15684476816690138,-0.19090449820493607,-0.10877303264298453,-0.8220216193228418,0.0,-0.01763055510438104,-0.027181247215081233,-0.19207496930540102,-0.00021634381644337908,-0.0039580996809273,0.008587770201058048,0.0,0.25739544997756003,0.0016839885467485945,0.01046229502903985,F5B8FC61-C06A-EF11-B2FD-005056A80461,MONEY MARKET FUND,2024-12-28,0.0,5,12,True,-0.015124477871201124,0.08225326592816518,0.25763729332773977,1
-0.15684476816690138,-0.19090449820493607,-0.10877303264298453,-0.8220216193228418,0.0,-0.01763055510438104,-0.027181247215081233,-0.19207496930540102,-0.00021634381644337908,-0.0039580996809273,0.008587770201058048,0.0,0.04586815352292401,0.001683886756286511,0.0023943175207238733,F5B8FC61-C06A-EF11-B2FD-005056A80461,MONEY MARKET FUND,2024-12-29,0.0,6,12,True,-0.015124477871201124,0.08225326592816518,0.25763729332773977,1
-0.15684476816690138,-0.19090449820493607,-0.10877303264298453,0.3799447513038712,0.0,-0.01763055510438104,-0.027181247215081233,-0.19207496930540102,-0.00021634381644337908,-0.0039580996809273,0.008587770201058048,0.0,0.011398392664729801,0.001684258717769974,0.00464121393649469,F5B8FC61-C06A-EF11-B2FD-005056A80461,MONEY MARKET FUND,2024-12-30,0.0,0,12,False,-0.015124477871201124,-0.015124477871201124,0.0,0
-0.15684476816690138,-0.19090449820493607,-0.10877303264298453,0.3799447513038712,0.0,-0.01763055510438104,-0.027181247215081233,5.206300454537575,-0.00021634381644337908,-0.0039580996809273,0.008587770201058048,0.0,-0.0601854328245513,0.0016803716910214386,-0.015558186814005177,F5B8FC61-C06A-EF11-B2FD-005056A80461,MONEY MARKET FUND,2024-12-31,0.0,1,12,False,-0.015124477871201124,-0.015124477871201124,0.0,0
-0.15684476816690138,-0.19090449820493607,-0.10877303264298453,0.3799447513038712,0.0,-0.01763055510438104,-0.027181247215081233,-0.19207496930540102,-0.00021634381644337908,-0.0039580996809273,0.008587770201058048,0.0,-0.04580155591224072,0.001669210234264867,-0.050059133740546574,F5B8FC61-C06A-EF11-B2FD-005056A80461,MONEY MARKET FUND,2025-01-01,0.0,2,1,False,-0.015124477871201124,-0.015124477871201124,0.0,0
-0.15684476816690138,-0.19090449820493607,-0.10877303264298453,0.3799447513038712,0.0,-0.01763055510438104,-0.027181247215081233,-0.19207496930540102,-0.00021634381644337908,-0.0039580996809273,0.008587770201058048,0.0,-0.03710005046474318,0.001665238682119385,-0.015959071315766616,F5B8FC61-C06A-EF11-B2FD-005056A80461,MONEY MARKET FUND,2025-01-02,0.0,3,1,False,-0.015124477871201124,-0.015124477871201124,0.0,0
-0.15684476816690138,-0.19090449820493607,-0.10877303264298453,0.3799447513038712,0.0,-0.01763055510438104,-0.027181247215081233,-0.19207496930540102,-0.00021634381644337908,-0.0039580996809273,0.008587770201058048,0.0,-0.011174916812104401,0.0016470987266109906,-0.0831565468471638,F5B8FC61-C06A-EF11-B2FD-005056A80461,MONEY MARKET FUND,2025-01-03,0.0,4,1,False,-0.015124477871201124,-0.015124477871201124,0.0,0
-0.15684476816690138,-0.19090449820493607,-0.10877303264298453,0.3799447513038712,0.0,-0.01763055510438104,-0.027181247215081233,-0.19207496930540102,-0.00021634381644337908,-0.0039580996809273,0.008587770201058048,0.0,-0.014259593550556724,0.0016678200792292007,0.10115369159082456,F5B8FC61-C06A-EF11-B2FD-005056A80461,MONEY MARKET FUND,2025-01-04,0.0,5,1,True,-0.015124477871201124,-0.015124477871201124,0.0,0
-0.15684476816690138,-0.19090449820493607,-0.10877303264298453,0.3799447513038712,0.0,-0.01763055510438104,-0.027181247215081233,-0.19207496930540102,-0.00021634381644337908,-0.0039580996809273,0.008587770201058048,0.0,-0.019612202240408418,0.0016677184900748818,0.0023952722750711654,F5B8FC61-C06A-EF11-B2FD-005056A80461,MONEY MARKET FUND,2025-01-05,0.0,6,1,True,-0.015124477871201124,-0.015124477871201124,0.0,0
-0.15684476816690138,-0.19090449820493607,-0.10877303264298453,0.3799447513038712,0.0,-0.01763055510438104,-0.027181247215081233,-0.19207496930540102,-0.00021634381644337908,-0.0039580996809273,0.008587770201058048,0.0,-0.022024869415123008,0.0016509936422386923,-0.0764450169208522,F5B8FC61-C06A-EF11-B2FD-005056A80461,MONEY MARKET FUND,2025-01-06,0.0,0,1,False,-0.015124477871201124,-0.015124477871201124,0.0,0
-0.15684476816690138,-0.19090449820493607,-0.10877303264298453,0.3799447513038712,0.0,-0.01763055510438104,-0.027181247215081233,-0.19207496930540102,-0.00021634381644337908,-0.0039580996809273,0.008587770201058048,0.0,-0.03253583619906877,0.0016649181534759217,0.06891783757467025,F5B8FC61-C06A-EF11-B2FD-005056A80461,MONEY MARKET FUND,2025-01-07,0.0,1,1,False,-0.015124477871201124,-0.015124477871201124,0.0,0
-0.15684476816690138,-0.19090449820493607,-0.10877303264298453,0.3799447513038712,0.0,-0.01763055510438104,-0.027181247215081233,-0.19207496930540102,-0.00021634381644337908,-0.0039580996809273,0.008587770201058048,0.0,0.002555627766367911,0.0016210359988512101,-0.20524587131283192,F5B8FC61-C06A-EF11-B2FD-005056A80461,MONEY MARKET FUND,2025-01-08,0.0,2,1,False,-0.015124477871201124,-0.015124477871201124,0.0,0
-0.15684476816690138,-0.19090449820493607,-0.10877303264298453,0.3799447513038712,0.0,-0.01763055510438104,-0.027181247215081233,-0.19207496930540102,-0.00021634381644337908,-0.0039580996809273,0.008587770201058048,0.0,0.00016977001248136823,0.0016497866721413422,0.1392349111571532,F5B8FC61-C06A-EF11-B2FD-005056A80461,MONEY MARKET FUND,2025-01-09,0.0,3,1,False,-0.015124477871201124,-0.015124477871201124,0.0,0
-0.15684476816690138,-0.19090449820493607,-0.10877303264298453,0.3799447513038712,0.0,-0.01763055510438104,-0.027181247215081233,-0.19207496930540102,-0.00021634381644337908,-0.0039580996809273,0.008587770201058048,0.0,0.01012221034192706,0.001628810428911523,-0.0966084065838587,F5B8FC61-C06A-EF11-B2FD-005056A80461,MONEY MARKET FUND,2025-01-10,0.0,4,1,False,-0.015124477871201124,-0.015124477871201124,0.0,0
-0.15684476816690138,-0.19090449820493607,-0.10877303264298453,0.3799447513038712,0.0,-0.01763055510438104,-0.027181247215081233,-0.19207496930540102,-0.00021634381644337908,-0.0039580996809273,0.008587770201058048,0.0,0.004460613457381566,0.0016378493058672285,0.04574639886553715,F5B8FC61-C06A-EF11-B2FD-005056A80461,MONEY MARKET FUND,2025-01-11,0.0,5,1,True,-0.015124477871201124,-0.015124477871201124,0.0,0
-0.15684476816690138,-0.19090449820493607,-0.10877303264298453,0.3799447513038712,0.0,-0.01763055510438104,-0.027181247215081233,-0.19207496930540102,-0.00021634381644337908,-0.0039580996809273,0.008587770201058048,0.0,-0.007448178672850015,0.0016377498458336848,0.0024053702063421786,F5B8FC61-C06A-EF11-B2FD-005056A80461,MONEY MARKET FUND,2025-01-12,0.0,6,1,True,-0.015124477871201124,-0.015124477871201124,0.0,0
-0.15684476816690138,-0.19090449820493607,-0.10877303264298453,0.3799447513038712,0.0,-0.01763055510438104,-0.027181247215081233,-0.19207496930540102,-0.00021634381644337908,-0.0039580996809273,0.008587770201058048,0.0,-0.005305562557009453,0.0016250053034605905,-0.05756734439133103,F5B8FC61-C06A-EF11-B2FD-005056A80461,MONEY MARKET FUND,2025-01-13,0.0,0,1,False,-0.015124477871201124,-0.015124477871201124,0.0,0
-0.15684476816690138,-0.19090449820493607,-0.10877303264298453,0.3799447513038712,0.0,-0.01763055510438104,-0.027181247215081233,-0.19207496930540102,-0.00021634381644337908,-0.0039580996809273,0.008587770201058048,0.0,-0.0282004100175071,0.0016405124432281044,0.07642388037146684,F5B8FC61-C06A-EF11-B2FD-005056A80461,MONEY MARKET FUND,2025-01-14,0.0,1,1,False,-0.015124477871201124,-0.015124477871201124,0.0,0
-0.15684476816690138,-0.19090449820493607,-0.10877303264298453,0.3799447513038712,0.0,-0.01763055510438104,-0.027181247215081233,-0.19207496930540102,-0.00021634381644337908,-0.0039580996809273,0.008587770201058048,0.0,0.13336018174305436,0.0015123856723215725,-0.604798692943406,F5B8FC61-C06A-EF11-B2FD-005056A80461,MONEY MARKET FUND,2025-01-15,0.0,2,1,False,-0.015124477871201124,-0.015124477871201124,0.0,0
-0.15684476816690138,-0.19090449820493607,-0.10877303264298453,0.3799447513038712,0.0,-0.01763055510438104,-0.027181247215081233,-0.19207496930540102,-0.00021634381644337908,-0.0039580996809273,0.008587770201058048,0.0,0.12697624865920984,0.0015957329149770888,0.3981738713445379,F5B8FC61-C06A-EF11-B2FD-005056A80461,MONEY MARKET FUND,2025-01-16,0.0,3,1,False,-0.015124477871201124,-0.015124477871201124,0.0,0
-0.15684476816690138,-0.19090449820493607,-0.10877303264298453,0.3799447513038712,0.0,-0.01763055510438104,-0.027181247215081233,-0.19207496930540102,-0.00021634381644337908,-0.0039580996809273,0.008587770201058048,0.0,0.12414438565103308,0.0016091631267108396,0.06657348882106537,F5B8FC61-C06A-EF11-B2FD-005056A80461,MONEY MARKET FUND,2025-01-17,0.0,4,1,False,-0.015124477871201124,-0.015124477871201124,0.0,0
-0.15684476816690138,-0.19090449820493607,-0.10877303264298453,0.3799447513038712,0.0,-0.01763055510438104,-0.027181247215081233,-0.19207496930540102,-0.00021634381644337908,-0.0039580996809273,0.008587770201058048,0.0,0.1161765739948807,0.0016085104220189964,-0.0002185418525116083,F5B8FC61-C06A-EF11-B2FD-005056A80461,MONEY MARKET FUND,2025-01-18,0.0,5,1,True,-0.015124477871201124,-0.015124477871201124,0.0,0
-0.15684476816690138,-0.19090449820493607,-0.10877303264298453,0.3799447513038712,0.0,-0.01763055510438104,-0.027181247215081233,-0.19207496930540102,-0.00021634381644337908,-0.0039580996809273,0.008587770201058048,0.0,0.1057843450319171,0.0016084130721595105,0.0024153782783813845,F5B8FC61-C06A-EF11-B2FD-005056A80461,MONEY MARKET FUND,2025-01-19,0.0,6,1,True,-0.015124477871201124,-0.015124477871201124,0.0,0
-0.15684476816690138,-0.19090449820493607,-0.10877303264298453,0.3799447513038712,0.0,-0.01763055510438104,-0.027181247215081233,-0.19207496930540102,-0.00021634381644337908,-0.0039580996809273,0.008587770201058048,0.0,0.19754983954677785,0.0014677027408030068,-0.6644796233801871,F5B8FC61-C06A-EF11-B2FD-005056A80461,MONEY MARKET FUND,2025-01-20,0.0,0,1,False,-0.015124477871201124,-0.015124477871201124,0.0,0
-0.15684476816690138,-0.19090449820493607,-0.10877303264298453,0.3799447513038712,0.0,-0.01763055510438104,-0.027181247215081233,-0.19207496930540102,-0.00021634381644337908,-0.0039580996809273,0.008587770201058048,0.0,0.18625173662147212,0.0016230696458087348,0.7397465506999366,F5B8FC61-C06A-EF11-B2FD-005056A80461,MONEY MARKET FUND,2025-01-21,0.0,1,1,False,-0.015124477871201124,-0.015124477871201124,0.0,0
-0.15684476816690138,-0.19090449820493607,-0.10877303264298453,0.3799447513038712,0.0,-0.01763055510438104,-0.027181247215081233,-0.19207496930540102,-0.00021634381644337908,-0.0039580996809273,0.008587770201058048,0.0,0.20691584207129038,0.0014877363399376864,-0.638977629309664,F5B8FC61-C06A-EF11-B2FD-005056A80461,MONEY MARKET FUND,2025-01-22,0.0,2,1,False,-0.015124477871201124,-0.015124477871201124,0.0,0
-0.15684476816690138,-0.19090449820493607,-0.10877303264298453,0.3799447513038712,0.0,-0.01763055510438104,-0.027181247215081233,-0.19207496930540102,-0.00021634381644337908,-0.0039580996809273,0.008587770201058048,0.0,0.21195965119686364,0.0015241018492009979,0.17535032521991403,F5B8FC61-C06A-EF11-B2FD-005056A80461,MONEY MARKET FUND,2025-01-23,0.0,3,1,False,-0.015124477871201124,-0.015124477871201124,0.0,0
-0.15684476816690138,-0.19090449820493607,-0.10877303264298453,0.3799447513038712,0.0,-0.01763055510438104,-0.027181247215081233,-0.19207496930540102,-0.00021634381644337908,-0.0039580996809273,0.008587770201058048,0.0,0.20370076067884593,0.001516203994060504,-0.03458062256736133,F5B8FC61-C06A-EF11-B2FD-005056A80461,MONEY MARKET FUND,2025-01-24,0.0,4,1,False,-0.015124477871201124,-0.015124477871201124,0.0,0
-0.15684476816690138,-0.19090449820493607,-0.10877303264298453,0.3799447513038712,0.0,-0.01763055510438104,-0.027181247215081233,-0.19207496930540102,-0.00021634381644337908,-0.0039580996809273,0.008587770201058048,0.0,0.179282134334087,0.001548416665634606,0.15565437205286717,F5B8FC61-C06A-EF11-B2FD-005056A80461,MONEY MARKET FUND,2025-01-25,0.0,5,1,True,-0.015124477871201124,-0.015124477871201124,0.0,0
-0.15684476816690138,-0.19090449820493607,-0.10877303264298453,0.3799447513038712,0.0,-0.01763055510438104,-0.027181247215081233,-0.19207496930540102,-0.00021634381644337908,-0.0039580996809273,0.008587770201058048,0.0,0.14508900902875263,0.0015483237800611141,0.0024365513600800915,F5B8FC61-C06A-EF11-B2FD-005056A80461,MONEY MARKET FUND,2025-01-26,0.0,6,1,True,-0.015124477871201124,-0.015124477871201124,0.0,0
-0.15684476816690138,-0.19090449820493607,-0.10877303264298453,0.3799447513038712,0.0,-0.01763055510438104,-0.027181247215081233,-0.19207496930540102,-0.00021634381644337908,-0.0039580996809273,0.008587770201058048,0.0,0.11416214043661978,0.001514933766093869,-0.1554840635070425,F5B8FC61-C06A-EF11-B2FD-005056A80461,MONEY MARKET FUND,2025-01-27,0.0,0,1,False,-0.015124477871201124,-0.015124477871201124,0.0,0
-0.15684476816690138,-0.19090449820493607,-0.10877303264298453,0.3799447513038712,0.0,-0.01763055510438104,-0.027181247215081233,-0.19207496930540102,-0.00021634381644337908,-0.0039580996809273,0.008587770201058048,0.0,0.023649106535060947,0.0015412017254961944,0.12745997072338539,F5B8FC61-C06A-EF11-B2FD-005056A80461,MONEY MARKET FUND,2025-01-28,0.0,1,1,False,-0.015124477871201124,-0.015124477871201124,0.0,0
-0.15684476816690138,-0.19090449820493607,-0.10877303264298453,0.3799447513038712,0.0,-0.01763055510438104,-0.027181247215081233,-0.19207496930540102,-0.00021634381644337908,-0.0039580996809273,0.008587770201058048,0.0,-0.007270485175990453,0.0015214962052148876,-0.09058166017253445,F5B8FC61-C06A-EF11-B2FD-005056A80461,MONEY MARKET FUND,2025-01-29,0.0,2,1,False,-0.015124477871201124,-0.015124477871201124,0.0,0
-0.15684476816690138,-0.19090449820493607,-0.10877303264298453,0.3799447513038712,0.0,-0.01763055510438104,-0.027181247215081233,-0.19207496930540102,-0.00021634381644337908,-0.0039580996809273,0.008587770201058048,0.0,-0.007407982913554234,0.0015245493080391559,0.017357250114045257,F5B8FC61-C06A-EF11-B2FD-005056A80461,MONEY MARKET FUND,2025-01-30,0.0,3,1,False,-0.015124477871201124,-0.015124477871201124,0.0,0
-0.15684476816690138,-0.19090449820493607,-0.10877303264298453,0.3799447513038712,0.0,-0.01763055510438104,-0.027181247215081233,5.206300454537575,-0.00021634381644337908,-0.0039580996809273,0.008587770201058048,0.0,-0.013506383589851359,0.001530590048545182,0.03152692786613844,F5B8FC61-C06A-EF11-B2FD-005056A80461,MONEY MARKET FUND,2025-01-31,0.0,4,1,False,-0.015124477871201124,-0.015124477871201124,0.0,0
-0.15684476816690138,-0.19090449820493607,-0.10877303264298453,0.3799447513038712,0.0,-0.01763055510438104,-0.027181247215081233,-0.19207496930540102,-0.00021634381644337908,-0.0039580996809273,0.008587770201058048,0.0,-0.021456951505928447,0.0015271767263748495,-0.013311515046315475,F5B8FC61-C06A-EF11-B2FD-005056A80461,MONEY MARKET FUND,2025-02-01,0.0,5,2,True,-0.015124477871201124,-0.015124477871201124,0.0,0
-0.15684476816690138,-0.19090449820493607,-0.10877303264298453,0.3799447513038712,0.0,-0.01763055510438104,-0.027181247215081233,-0.19207496930540102,-0.00021634381644337908,-0.0039580996809273,0.008587770201058048,0.0,-0.036079420956401126,0.0015270853375815199,0.002443650239461198,F5B8FC61-C06A-EF11-B2FD-005056A80461,MONEY MARKET FUND,2025-02-02,0.0,6,2,True,-0.015124477871201124,-0.015124477871201124,0.0,0
-0.15684476816690138,-0.19090449820493607,-0.10877303264298453,0.3799447513038712,0.0,-0.01763055510438104,-0.027181247215081233,-0.19207496930540102,-0.00021634381644337908,-0.0039580996809273,0.008587770201058048,0.0,-0.008080198478674814,0.0015637561353391955,0.17679823826837546,F5B8FC61-C06A-EF11-B2FD-005056A80461,MONEY MARKET FUND,2025-02-03,0.0,0,2,False,-0.015124477871201124,-0.015124477871201124,0.0,0
-0.15684476816690138,-0.19090449820493607,-0.10877303264298453,0.3799447513038712,0.0,-0.01763055510438104,-0.027181247215081233,-0.19207496930540102,-0.00021634381644337908,-0.0039580996809273,0.008587770201058048,0.0,0.010943815777684709,0.001498906718161227,-0.30468877086866253,F5B8FC61-C06A-EF11-B2FD-005056A80461,MONEY MARKET FUND,2025-02-04,0.0,1,2,False,-0.015124477871201124,-0.015124477871201124,0.0,0
-0.15684476816690138,-0.19090449820493607,-0.10877303264298453,0.3799447513038712,0.0,-0.01763055510438104,-0.027181247215081233,-0.19207496930540102,-0.00021634381644337908,-0.0039580996809273,0.008587770201058048,0.0,0.010347955417415062,0.001524860709171206,0.12597089091395622,F5B8FC61-C06A-EF11-B2FD-005056A80461,MONEY MARKET FUND,2025-02-05,0.0,2,2,False,-0.015124477871201124,-0.015124477871201124,0.0,0
-0.15684476816690138,-0.19090449820493607,-0.10877303264298453,0.3799447513038712,0.0,-0.01763055510438104,-0.027181247215081233,-0.19207496930540102,-0.00021634381644337908,-0.0039580996809273,0.008587770201058048,0.0,0.01977427462789618,0.0015035394962210887,-0.09824451856274911,F5B8FC61-C06A-EF11-B2FD-005056A80461,MONEY MARKET FUND,2025-02-06,0.0,3,2,False,-0.015124477871201124,-0.015124477871201124,0.0,0
-0.15684476816690138,-0.19090449820493607,-0.10877303264298453,0.3799447513038712,0.0,-0.01763055510438104,-0.027181247215081233,-0.19207496930540102,-0.00021634381644337908,-0.0039580996809273,0.008587770201058048,0.0,0.02358877519189867,0.0015066284056996565,0.017527072831392446,F5B8FC61-C06A-EF11-B2FD-005056A80461,MONEY MARKET FUND,2025-02-07,0.0,4,2,False,-0.015124477871201124,-0.015124477871201124,0.0,0
-0.15684476816690138,-0.19090449820493607,-0.10877303264298453,0.3799447513038712,0.0,-0.01763055510438104,-0.027181247215081233,-0.19207496930540102,-0.00021634381644337908,-0.0039580996809273,0.008587770201058048,0.0,0.025195037498578366,0.0015082553810529423,0.010593455811530126,F5B8FC61-C06A-EF11-B2FD-005056A80461,MONEY MARKET FUND,2025-02-08,0.0,5,2,True,-0.015124477871201124,-0.015124477871201124,0.0,0
-0.15684476816690138,-0.19090449820493607,-0.10877303264298453,0.3799447513038712,0.0,-0.01763055510438104,-0.027181247215081233,-0.19207496930540102,-0.00021634381644337908,-0.0039580996809273,0.008587770201058048,0.0,0.02521183324926986,0.0015081653114143035,0.0024499066885362085,F5B8FC61-C06A-EF11-B2FD-005056A80461,MONEY MARKET FUND,2025-02-09,0.0,6,2,True,-0.015124477871201124,-0.015124477871201124,0.0,0
-0.15684476816690138,-0.19090449820493607,-0.10877303264298453,0.3799447513038712,0.0,-0.01763055510438104,-0.027181247215081233,-0.19207496930540102,-0.00021634381644337908,-0.0039580996809273,0.008587770201058048,0.0,-0.031197266188214744,0.001520555735239527,0.061642014131981185,F5B8FC61-C06A-EF11-B2FD-005056A80461,MONEY MARKET FUND,2025-02-10,0.0,0,2,False,-0.015124477871201124,-0.015124477871201124,0.0,0
6.4281676605699,5.238221254097949,-0.10877303264298453,-0.8220216193228418,0.0,0.21939073696039085,-0.027181247215081233,-0.19207496930540102,-0.00021634381644337908,-0.0039580996809273,0.28033570961401433,0.2770087535268977,0.027251254570217362,0.3568171550567462,0.2322445635978549,F5B8FC61-C06A-EF11-B2FD-005056A80461,MONEY MARKET FUND,2025-02-11,0.4071984465995082,1,2,False,-0.015124477871201124,0.026608840899955848,0.11041598285866523,1
-0.15684476816690138,-0.19090449820493607,-0.10877303264298453,-0.8220216193228418,0.0,-0.01763055510438104,-0.027181247215081233,-0.19207496930540102,-0.00021634381644337908,-0.0039580996809273,-0.2631601692118982,0.0,0.049886681617172954,0.0015631307350258325,-0.024566968023597178,F5B8FC61-C06A-EF11-B2FD-005056A80461,MONEY MARKET FUND,2025-02-12,0.0,2,2,False,0.2770087535268977,0.026608840899955848,0.11041598285866523,1
-0.15684476816690138,-0.19090449820493607,-0.10877303264298453,-0.8220216193228418,0.0,-0.01763055510438104,-0.027181247215081233,-0.19207496930540102,-0.00021634381644337908,-0.0039580996809273,0.008587770201058048,0.0,0.08840520739639489,0.0015983404702000375,0.16986875477321586,F5B8FC61-C06A-EF11-B2FD-005056A80461,MONEY MARKET FUND,2025-02-13,0.0,3,2,False,-0.015124477871201124,0.026608840899955848,0.11041598285866523,0
-0.15684476816690138,-0.19090449820493607,-0.10877303264298453,-0.8220216193228418,0.0,-0.01763055510438104,-0.027181247215081233,-0.19207496930540102,-0.00021634381644337908,-0.0039580996809273,0.008587770201058048,0.0,0.14458009262771757,0.001641794856210544,0.20897123575127421,F5B8FC61-C06A-EF11-B2FD-005056A80461,MONEY MARKET FUND,2025-02-14,0.0,4,2,False,-0.015124477871201124,0.026608840899955848,0.11041598285866523,0
-0.15684476816690138,-0.19090449820493607,-0.10877303264298453,-0.8220216193228418,0.0,-0.01763055510438104,-0.027181247215081233,-0.19207496930540102,-0.00021634381644337908,-0.0039580996809273,0.008587770201058048,0.0,0.12455302652479355,0.0015840292546771548,-0.2710918639848295,F5B8FC61-C06A-EF11-B2FD-005056A80461,MONEY MARKET FUND,2025-02-15,0.0,5,2,True,-0.015124477871201124,0.026608840899955848,0.11041598285866523,0
-0.15684476816690138,-0.19090449820493607,-0.10877303264298453,-0.8220216193228418,0.0,-0.01763055510438104,-0.027181247215081233,-0.19207496930540102,-0.00021634381644337908,-0.0039580996809273,0.008587770201058048,0.0,0.0869075851592124,0.0015839317532450362,0.00241465940452054,F5B8FC61-C06A-EF11-B2FD-005056A80461,MONEY MARKET FUND,2025-02-16,0.0,6,2,True,-0.015124477871201124,0.026608840899955848,0.11041598285866523,0
-0.15684476816690138,-0.19090449820493607,-0.10877303264298453,-0.8220216193228418,0.0,-0.01763055510438104,-0.027181247215081233,-0.19207496930540102,-0.00021634381644337908,-0.0039580996809273,0.008587770201058048,0.0,0.03977043178010277,0.0015872802497179388,0.018758234178242388,F5B8FC61-C06A-EF11-B2FD-005056A80461,MONEY MARKET FUND,2025-02-17,0.0,0,2,False,-0.015124477871201124,0.02660884089995585,0.11041598285866523,0
-0.15684476816690138,-0.19090449820493607,-0.10877303264298453,0.3799447513038712,0.0,-0.01763055510438104,-0.027181247215081233,-0.19207496930540102,-0.00021634381644337908,-0.0039580996809273,0.008587770201058048,0.0,0.035223751975736635,0.0015786359777693027,-0.03812070566533561,F5B8FC61-C06A-EF11-B2FD-005056A80461,MONEY MARKET FUND,2025-02-18,0.0,1,2,False,-0.015124477871201124,-0.015124477871201124,0.0,0
-0.15684476816690138,-0.19090449820493607,-0.10877303264298453,0.3799447513038712,0.0,-0.01763055510438104,-0.027181247215081233,-0.19207496930540102,-0.00021634381644337908,-0.0039580996809273,0.008587770201058048,0.0,0.033413066737338105,0.0015654421908415576,-0.059698007889640595,F5B8FC61-C06A-EF11-B2FD-005056A80461,MONEY MARKET FUND,2025-02-19,0.0,2,2,False,-0.015124477871201124,-0.015124477871201124,0.0,0
-0.15684476816690138,-0.19090449820493607,-0.10877303264298453,0.3799447513038712,0.0,-0.01763055510438104,-0.027181247215081233,-0.19207496930540102,-0.00021634381644337908,-0.0039580996809273,0.008587770201058048,0.0,0.034528927870247444,0.0015777112973934216,0.06106663423277387,F5B8FC61-C06A-EF11-B2FD-005056A80461,MONEY MARKET FUND,2025-02-20,0.0,3,2,False,-0.015124477871201124,-0.015124477871201124,0.0,0
-0.15684476816690138,-0.19090449820493607,-0.10877303264298453,0.3799447513038712,0.0,-0.01763055510438104,-0.027181247215081233,-0.19207496930540102,-0.00021634381644337908,-0.0039580996809273,0.008587770201058048,0.0,-0.03780512425284633,0.0015714626964077245,-0.026758589778871137,F5B8FC61-C06A-EF11-B2FD-005056A80461,MONEY MARKET FUND,2025-02-21,0.0,4,2,False,-0.015124477871201124,-0.015124477871201124,0.0,0
-0.15684476816690138,-0.19090449820493607,-0.10877303264298453,0.3799447513038712,0.0,-0.01763055510438104,-0.027181247215081233,-0.19207496930540102,-0.00021634381644337908,-0.0039580996809273,0.008587770201058048,0.0,-0.03958881653557835,0.0015776389143816146,0.03216946630936551,F5B8FC61-C06A-EF11-B2FD-005056A80461,MONEY MARKET FUND,2025-02-22,0.0,5,2,True,-0.015124477871201124,-0.015124477871201124,0.0,0
-0.15684476816690138,-0.19090449820493607,-0.10877303264298453,0.3799447513038712,0.0,-0.01763055510438104,-0.027181247215081233,-0.19207496930540102,-0.00021634381644337908,-0.0039580996809273,0.008587770201058048,0.0,-0.04202798586048619,0.0015775418439839982,0.002416703702063793,F5B8FC61-C06A-EF11-B2FD-005056A80461,MONEY MARKET FUND,2025-02-23,0.0,6,2,True,-0.015124477871201124,-0.015124477871201124,0.0,0
-0.15684476816690138,-0.19090449820493607,-0.10877303264298453,0.3799447513038712,0.0,-0.01763055510438104,-0.027181247215081233,-0.19207496930540102,-0.00021634381644337908,-0.0039580996809273,0.008587770201058048,0.0,-0.04896160691009401,0.001569933023547132,-0.03320979750812984,F5B8FC61-C06A-EF11-B2FD-005056A80461,MONEY MARKET FUND,2025-02-24,0.0,0,2,False,-0.015124477871201124,-0.015124477871201124,0.0,0
-0.15684476816690138,-0.19090449820493607,-0.10877303264298453,0.3799447513038712,0.0,-0.01763055510438104,-0.027181247215081233,-0.19207496930540102,-0.00021634381644337908,-0.0039580996809273,0.008587770201058048,0.0,-0.050689942767474086,0.0015723680820668553,0.014426008247045907,F5B8FC61-C06A-EF11-B2FD-005056A80461,MONEY MARKET FUND,2025-02-25,0.0,1,2,False,-0.015124477871201124,-0.015124477871201124,0.0,0
-0.15684476816690138,-0.19090449820493607,-0.10877303264298453,0.3799447513038712,0.0,-0.01763055510438104,-0.027181247215081233,-0.19207496930540102,-0.00021634381644337908,-0.0039580996809273,0.008587770201058048,0.0,-0.0396406083154511,0.0015571907808136114,-0.06910535972575281,F5B8FC61-C06A-EF11-B2FD-005056A80461,MONEY MARKET FUND,2025-02-26,0.0,2,2,False,-0.015124477871201124,-0.015124477871201124,0.0,0
-0.15684476816690138,-0.19090449820493607,-0.10877303264298453,0.3799447513038712,0.0,-0.01763055510438104,-0.027181247215081233,-0.19207496930540102,-0.00021634381644337908,-0.0039580996809273,0.008587770201058048,0.0,-0.036181877876298306,0.0015595486865219283,0.014060090219197465,F5B8FC61-C06A-EF11-B2FD-005056A80461,MONEY MARKET FUND,2025-02-27,0.0,3,2,False,-0.015124477871201124,-0.015124477871201124,0.0,0
-0.15684476816690138,-0.19090449820493607,-0.10877303264298453,0.3799447513038712,0.0,-0.01763055510438104,-0.027181247215081233,5.206300454537575,-0.00021634381644337908,-0.0039580996809273,0.008587770201058048,0.0,-0.029278454847936515,0.0015546638029968953,-0.020290791788779954,F5B8FC61-C06A-EF11-B2FD-005056A80461,MONEY MARKET FUND,2025-02-28,0.0,4,2,False,-0.015124477871201124,-0.015124477871201124,0.0,0
-0.15684476816690138,-0.19090449820493607,-0.10877303264298453,0.3799447513038712,0.0,-0.01763055510438104,-0.027181247215081233,-0.19207496930540102,-0.00021634381644337908,-0.0039580996809273,0.008587770201058048,0.0,-0.030731446974721126,0.001554754104730611,0.0033053665835815343,F5B8FC61-C06A-EF11-B2FD-005056A80461,MONEY MARKET FUND,2025-03-01,0.0,5,3,True,-0.015124477871201124,-0.015124477871201124,0.0,0
-0.15684476816690138,-0.19090449820493607,-0.10877303264298453,0.3799447513038712,0.0,-0.01763055510438104,-0.027181247215081233,-0.19207496930540102,-0.00021634381644337908,-0.0039580996809273,0.008587770201058048,0.0,-0.03849870431496442,0.0015546586897919115,0.002424555152517911,F5B8FC61-C06A-EF11-B2FD-005056A80461,MONEY MARKET FUND,2025-03-02,0.0,6,3,True,-0.015124477871201124,-0.015124477871201124,0.0,0
-0.15684476816690138,-0.19090449820493607,-0.10877303264298453,0.3799447513038712,0.0,-0.01763055510438104,-0.027181247215081233,-0.19207496930540102,-0.00021634381644337908,-0.0039580996809273,0.008587770201058048,0.0,-0.041687464025863465,0.0015519579861119788,-0.009931729587025498,F5B8FC61-C06A-EF11-B2FD-005056A80461,MONEY MARKET FUND,2025-03-03,0.0,0,3,False,-0.015124477871201124,-0.015124477871201124,0.0,0
-0.15684476816690138,-0.19090449820493607,-0.10877303264298453,0.3799447513038712,0.0,-0.01763055510438104,-0.027181247215081233,-0.19207496930540102,-0.00021634381644337908,-0.0039580996809273,0.008587770201058048,0.0,-0.006509824553299234,0.0015162233385123867,-0.16660412108549472,F5B8FC61-C06A-EF11-B2FD-005056A80461,MONEY MARKET FUND,2025-03-04,0.0,1,3,False,-0.015124477871201124,-0.015124477871201124,0.0,0
-0.15684476816690138,-0.19090449820493607,-0.10877303264298453,0.3799447513038712,0.0,-0.01763055510438104,-0.027181247215081233,-0.19207496930540102,-0.00021634381644337908,-0.0039580996809273,0.008587770201058048,0.0,-0.007092509695739695,0.0015419435927597708,0.12486233125768373,F5B8FC61-C06A-EF11-B2FD-005056A80461,MONEY MARKET FUND,2025-03-05,0.0,2,3,False,-0.015124477871201124,-0.015124477871201124,0.0,0
-0.15684476816690138,-0.19090449820493607,-0.10877303264298453,0.3799447513038712,0.0,-0.01763055510438104,-0.027181247215081233,-0.19207496930540102,-0.00021634381644337908,-0.0039580996809273,0.008587770201058048,0.0,-0.01113344246855151,0.0015469786941854158,0.026757413211543277,F5B8FC61-C06A-EF11-B2FD-005056A80461,MONEY MARKET FUND,2025-03-06,0.0,3,3,False,-0.015124477871201124,-0.015124477871201124,0.0,0
-0.15684476816690138,-0.19090449820493607,-0.10877303264298453,0.3799447513038712,0.0,-0.01763055510438104,-0.027181247215081233,-0.19207496930540102,-0.00021634381644337908,-0.0039580996809273,0.008587770201058048,0.0,-0.012966276861324542,0.0015491946308554979,0.013386763756376346,F5B8FC61-C06A-EF11-B2FD-005056A80461,MONEY MARKET FUND,2025-03-07,0.0,4,3,False,-0.015124477871201124,-0.015124477871201124,0.0,0
-0.15684476816690138,-0.19090449820493607,-0.10877303264298453,0.3799447513038712,0.0,-0.01763055510438104,-0.027181247215081233,-0.19207496930540102,-0.00021634381644337908,-0.0039580996809273,0.008587770201058048,0.0,-0.015169989972372261,0.0015490995806355854,0.0024262849427476034,F5B8FC61-C06A-EF11-B2FD-005056A80461,MONEY MARKET FUND,2025-03-08,0.0,5,3,True,-0.015124477871201124,-0.015124477871201124,0.0,0
-0.15684476816690138,-0.19090449820493607,-0.10877303264298453,0.3799447513038712,0.0,-0.01763055510438104,-0.027181247215081233,-0.19207496930540102,-0.00021634381644337908,-0.0039580996809273,0.008587770201058048,0.0,-0.017695827177642884,0.0015490045304189814,0.002426284942746965,F5B8FC61-C06A-EF11-B2FD-005056A80461,MONEY MARKET FUND,2025-03-09,0.0,6,3,True,-0.015124477871201124,-0.015124477871201124,0.0,0
-0.15684476816690138,-0.19090449820493607,-0.10877303264298453,0.3799447513038712,0.0,-0.01763055510438104,-0.027181247215081233,-0.19207496930540102,-0.00021634381644337908,-0.0039580996809273,0.008587770201058048,0.0,-0.020143494855287464,0.001542965080647019,-0.025766633709395647,F5B8FC61-C06A-EF11-B2FD-005056A80461,MONEY MARKET FUND,2025-03-10,0.0,0,3,False,-0.015124477871201124,-0.015124477871201124,0.0,0
-0.15684476816690138,-0.19090449820493607,-0.10877303264298453,0.3799447513038712,0.0,-0.01763055510438104,-0.027181247215081233,-0.19207496930540102,-0.00021634381644337908,-0.0039580996809273,0.008587770201058048,0.0,-0.02117502613454596,0.0015761803953750438,0.16040967771629608,F5B8FC61-C06A-EF11-B2FD-005056A80461,MONEY MARKET FUND,2025-03-11,0.0,1,3,False,-0.015124477871201124,-0.015124477871201124,0.0,0
-0.15684476816690138,-0.19090449820493607,-0.10877303264298453,0.3799447513038712,0.0,-0.01763055510438104,-0.027181247215081233,-0.19207496930540102,-0.00021634381644337908,-0.0039580996809273,0.008587770201058048,0.0,-0.017328022189696514,0.0015361971967345447,-0.18675402063119642,F5B8FC61-C06A-EF11-B2FD-005056A80461,MONEY MARKET FUND,2025-03-12,0.0,2,3,False,-0.015124477871201124,-0.015124477871201124,0.0,0
-0.15684476816690138,-0.19090449820493607,-0.10877303264298453,0.3799447513038712,0.0,-0.01763055510438104,-0.027181247215081233,-0.19207496930540102,-0.00021634381644337908,-0.0039580996809273,0.008587770201058048,0.0,-0.012628425924198038,0.001535875453142231,0.0013511304562211712,F5B8FC61-C06A-EF11-B2FD-005056A80461,MONEY MARKET FUND,2025-03-13,0.0,3,3,False,-0.015124477871201124,-0.015124477871201124,0.0,0
-0.15684476816690138,-0.19090449820493607,-0.10877303264298453,0.3799447513038712,0.0,-0.01763055510438104,-0.027181247215081233,-0.19207496930540102,-0.00021634381644337908,-0.0039580996809273,0.008587770201058048,0.0,0.004078820038353994,0.001519088803954594,-0.0767381265054268,F5B8FC61-C06A-EF11-B2FD-005056A80461,MONEY MARKET FUND,2025-03-14,0.0,4,3,False,-0.015124477871201124,-0.015124477871201124,0.0,0
-0.15684476816690138,-0.19090449820493607,-0.10877303264298453,0.3799447513038712,0.0,-0.01763055510438104,-0.027181247215081233,-0.19207496930540102,-0.00021634381644337908,-0.0039580996809273,0.008587770201058048,0.0,0.013194817811917163,0.0015189959586428756,0.0024367423109496775,F5B8FC61-C06A-EF11-B2FD-005056A80461,MONEY MARKET FUND,2025-03-15,0.0,5,3,True,-0.015124477871201124,-0.015124477871201124,0.0,0
-0.15684476816690138,-0.19090449820493607,-0.10877303264298453,0.3799447513038712,0.0,-0.01763055510438104,-0.027181247215081233,-0.19207496930540102,-0.00021634381644337908,-0.0039580996809273,0.008587770201058048,0.0,0.01711151881657166,0.00151890311333226,0.0024367423109496775,F5B8FC61-C06A-EF11-B2FD-005056A80461,MONEY MARKET FUND,2025-03-16,0.0,6,3,True,-0.015124477871201124,-0.015124477871201124,0.0,0
-0.15684476816690138,-0.19090449820493607,-0.10877303264298453,0.3799447513038712,0.0,-0.01763055510438104,-0.027181247215081233,-0.19207496930540102,-0.00021634381644337908,-0.0039580996809273,0.008587770201058048,0.0,0.02693168596499713,0.001506429395636766,-0.056282885287102506,F5B8FC61-C06A-EF11-B2FD-005056A80461,MONEY MARKET FUND,2025-03-17,0.0,0,3,False,-0.015124477871201124,-0.015124477871201124,0.0,0
-0.15684476816690138,-0.19090449820493607,-0.10877303264298453,0.3799447513038712,0.0,-0.01763055510438104,-0.027181247215081233,-0.19207496930540102,-0.00021634381644337908,-0.0039580996809273,0.008587770201058048,0.0,0.008512864334590881,0.0015629523980423227,0.27095267486852076,F5B8FC61-C06A-EF11-B2FD-005056A80461,MONEY MARKET FUND,2025-03-18,0.0,1,3,False,-0.015124477871201124,-0.015124477871201124,0.0,0
-0.15684476816690138,-0.19090449820493607,-0.10877303264298453,0.3799447513038712,0.0,-0.01763055510438104,-0.027181247215081233,-0.19207496930540102,-0.00021634381644337908,-0.0039580996809273,0.008587770201058048,0.0,0.015816316610139713,0.0015036780548750859,-0.2782474782390101,F5B8FC61-C06A-EF11-B2FD-005056A80461,MONEY MARKET FUND,2025-03-19,0.0,2,3,False,-0.015124477871201124,-0.015124477871201124,0.0,0
-0.15684476816690138,-0.19090449820493607,-0.10877303264298453,0.3799447513038712,0.0,-0.01763055510438104,-0.027181247215081233,-0.19207496930540102,-0.00021634381644337908,-0.0039580996809273,0.008587770201058048,0.0,0.01821628039829898,0.0015026394013924133,-0.00204900811926889,F5B8FC61-C06A-EF11-B2FD-005056A80461,MONEY MARKET FUND,2025-03-20,0.0,3,3,False,-0.015124477871201124,-0.015124477871201124,0.0,0
-0.15684476816690138,-0.19090449820493607,-0.10877303264298453,0.3799447513038712,0.0,-0.01763055510438104,-0.027181247215081233,-0.19207496930540102,-0.00021634381644337908,-0.0039580996809273,0.008587770201058048,0.0,0.022241606254514806,0.0015022188869478707,0.0008826830438933273,F5B8FC61-C06A-EF11-B2FD-005056A80461,MONEY MARKET FUND,2025-03-21,0.0,4,3,False,-0.015124477871201124,-0.015124477871201124,0.0,0
-0.15684476816690138,-0.19090449820493607,-0.10877303264298453,0.3799447513038712,0.0,-0.01763055510438104,-0.027181247215081233,-0.19207496930540102,-0.00021634381644337908,-0.0039580996809273,0.008587770201058048,0.0,0.02485681947003591,0.0015021272542172146,0.0024424933018409025,F5B8FC61-C06A-EF11-B2FD-005056A80461,MONEY MARKET FUND,2025-03-22,0.0,5,3,True,-0.015124477871201124,-0.015124477871201124,0.0,0
-0.15684476816690138,-0.19090449820493607,-0.10877303264298453,0.3799447513038712,0.0,-0.01763055510438104,-0.027181247215081233,-0.19207496930540102,-0.00021634381644337908,-0.0039580996809273,0.008587770201058048,0.0,0.02617620459405323,0.0015020356238554496,0.00244250453424432,F5B8FC61-C06A-EF11-B2FD-005056A80461,MONEY MARKET FUND,2025-03-23,0.0,6,3,True,-0.015124477871201124,-0.015124477871201124,0.0,0
-0.15684476816690138,-0.19090449820493607,-0.10877303264298453,0.3799447513038712,0.0,-0.01763055510438104,-0.027181247215081233,-0.19207496930540102,-0.00021634381644337908,-0.0039580996809273,0.008587770201058048,0.0,0.03324756023612313,0.0014885262628143308,-0.0611947032690387,F5B8FC61-C06A-EF11-B2FD-005056A80461,MONEY MARKET FUND,2025-03-24,0.0,0,3,False,-0.015124477871201124,-0.015124477871201124,0.0,0
-0.15684476816690138,-0.19090449820493607,-0.10877303264298453,0.3799447513038712,0.0,-0.01763055510438104,-0.027181247215081233,-0.19207496930540102,-0.00021634381644337908,-0.0039580996809273,0.008587770201058048,0.0,-0.048337181431845344,0.0015011925842631218,0.06295053304575904,F5B8FC61-C06A-EF11-B2FD-005056A80461,MONEY MARKET FUND,2025-03-25,0.0,1,3,False,-0.015124477871201124,-0.015124477871201124,0.0,0
-0.15684476816690138,-0.19090449820493607,-0.10877303264298453,0.3799447513038712,0.0,-0.01763055510438104,-0.027181247215081233,-0.19207496930540102,-0.00021634381644337908,-0.0039580996809273,0.008587770201058048,0.0,-0.034118249794454505,0.0014814459759682128,-0.09077653115098916,F5B8FC61-C06A-EF11-B2FD-005056A80461,MONEY MARKET FUND,2025-03-26,0.0,2,3,False,-0.015124477871201124,-0.015124477871201124,0.0,0
-0.15684476816690138,-0.19090449820493607,-0.10877303264298453,0.3799447513038712,0.0,-0.01763055510438104,-0.027181247215081233,-0.19207496930540102,-0.00021634381644337908,-0.0039580996809273,0.008587770201058048,0.0,-0.027796658563757265,0.0014809920066140697,0.000724014103801582,F5B8FC61-C06A-EF11-B2FD-005056A80461,MONEY MARKET FUND,2025-03-27,0.0,3,3,False,-0.015124477871201124,-0.015124477871201124,0.0,0
-0.15684476816690138,-0.19090449820493607,-0.10877303264298453,0.3799447513038712,0.0,-0.01763055510438104,-0.027181247215081233,-0.19207496930540102,-0.00021634381644337908,-0.0039580996809273,0.008587770201058048,0.0,-0.02598419962800504,0.0014804324930082207,0.00022344201579386596,F5B8FC61-C06A-EF11-B2FD-005056A80461,MONEY MARKET FUND,2025-03-28,0.0,4,3,False,-0.015124477871201124,-0.015124477871201124,0.0,0
-0.15684476816690138,-0.19090449820493607,-0.10877303264298453,0.3799447513038712,0.0,-0.01763055510438104,-0.027181247215081233,-0.19207496930540102,-0.00021634381644337908,-0.0039580996809273,0.008587770201058048,0.0,-0.028784655155858627,0.0014803414049912656,0.00244507675477947,F5B8FC61-C06A-EF11-B2FD-005056A80461,MONEY MARKET FUND,2025-03-29,0.0,5,3,True,-0.015124477871201124,-0.015124477871201124,0.0,0
-0.15684476816690138,-0.19090449820493607,-0.10877303264298453,0.3799447513038712,0.0,-0.01763055510438104,-0.027181247215081233,-0.19207496930540102,-0.00021634381644337908,-0.0039580996809273,0.008587770201058048,0.0,-0.03733247210313492,0.0014802503146065223,0.0024450655223760527,F5B8FC61-C06A-EF11-B2FD-005056A80461,MONEY MARKET FUND,2025-03-30,0.0,6,3,True,-0.015124477871201124,-0.015124477871201124,0.0,0
-0.15684476816690138,-0.19090449820493607,-0.10877303264298453,0.3799447513038712,0.0,-0.01763055510438104,-0.027181247215081233,5.206300454537575,-0.00021634381644337908,-0.0039580996809273,0.008587770201058048,0.0,-0.03748571712813017,0.0014801592242206763,0.0024450655223760527,F5B8FC61-C06A-EF11-B2FD-005056A80461,MONEY MARKET FUND,2025-03-31,0.0,0,3,False,-0.015124477871201124,-0.015124477871201124,0.0,0
-0.15684476816690138,-0.19090449820493607,-0.10877303264298453,0.3799447513038712,0.0,-0.01763055510438104,-0.027181247215081233,-0.19207496930540102,-0.00021634381644337908,-0.0039580996809273,0.008587770201058048,0.0,-0.06360841476264364,0.0014849420544001336,0.025560948760908992,F5B8FC61-C06A-EF11-B2FD-005056A80461,MONEY MARKET FUND,2025-04-01,0.0,1,4,False,-0.015124477871201124,-0.015124477871201124,0.0,0
-0.15684476816690138,-0.19090449820493607,-0.10877303264298453,0.3799447513038712,0.0,-0.01763055510438104,-0.027181247215081233,-0.19207496930540102,-0.00021634381644337908,-0.0039580996809273,0.008587770201058048,0.0,-0.062346409248327544,0.001483959928017382,-0.0017809130985896393,F5B8FC61-C06A-EF11-B2FD-005056A80461,MONEY MARKET FUND,2025-04-02,0.0,2,4,False,-0.015124477871201124,-0.015124477871201124,0.0,0
-0.15684476816690138,-0.19090449820493607,-0.10877303264298453,0.3799447513038712,0.0,-0.01763055510438104,-0.027181247215081233,-0.19207496930540102,-0.00021634381644337908,-0.0039580996809273,0.008587770201058048,0.0,-0.04561769402748629,0.0014669793677629039,-0.07765780205462033,F5B8FC61-C06A-EF11-B2FD-005056A80461,MONEY MARKET FUND,2025-04-03,0.0,3,4,False,-0.015124477871201124,-0.015124477871201124,0.0,0
-0.15684476816690138,-0.19090449820493607,-0.10877303264298453,0.3799447513038712,0.0,-0.01763055510438104,-0.027181247215081233,-0.19207496930540102,-0.00021634381644337908,-0.0039580996809273,0.008587770201058048,0.0,-0.017962275702963264,0.001450719350404189,-0.07424043297126535,F5B8FC61-C06A-EF11-B2FD-005056A80461,MONEY MARKET FUND,2025-04-04,0.0,4,4,False,-0.015124477871201124,-0.015124477871201124,0.0,0
-0.15684476816690138,-0.19090449820493607,-0.10877303264298453,0.3799447513038712,0.0,-0.01763055510438104,-0.027181247215081233,-0.19207496930540102,-0.00021634381644337908,-0.0039580996809273,0.008587770201058048,0.0,-0.004996472462776414,0.0014495850001509537,-0.002502875871095348,F5B8FC61-C06A-EF11-B2FD-005056A80461,MONEY MARKET FUND,2025-04-05,0.0,5,4,True,-0.015124477871201124,-0.015124477871201124,0.0,0
-0.15684476816690138,-0.19090449820493607,-0.10877303264298453,0.3799447513038712,0.0,-0.01763055510438104,-0.027181247215081233,-0.19207496930540102,-0.00021634381644337908,-0.0039580996809273,0.008587770201058048,0.0,0.00032452158288244265,0.0014494970454236036,0.002459937225383526,F5B8FC61-C06A-EF11-B2FD-005056A80461,MONEY MARKET FUND,2025-04-06,0.0,6,4,True,-0.015124477871201124,-0.015124477871201124,0.0,0
-0.15684476816690138,-0.19090449820493607,-0.10877303264298453,0.3799447513038712,0.0,-0.01763055510438104,-0.027181247215081233,-0.19207496930540102,-0.00021634381644337908,-0.0039580996809273,0.008587770201058048,0.0,-0.002679683429572884,0.001454656419788396,0.027346811151048547,F5B8FC61-C06A-EF11-B2FD-005056A80461,MONEY MARKET FUND,2025-04-07,0.0,0,4,False,-0.015124477871201124,-0.015124477871201124,0.0,0
-0.15684476816690138,-0.19090449820493607,-0.10877303264298453,0.3799447513038712,0.0,-0.01763055510438104,-0.027181247215081233,-0.19207496930540102,-0.00021634381644337908,-0.0039580996809273,0.008587770201058048,0.0,-0.0017761558102219323,0.001485845156997517,0.1507980870767224,F5B8FC61-C06A-EF11-B2FD-005056A80461,MONEY MARKET FUND,2025-04-08,0.0,1,4,False,-0.015124477871201124,-0.015124477871201124,0.0,0
-0.15684476816690138,-0.19090449820493607,-0.10877303264298453,0.3799447513038712,0.0,-0.01763055510438104,-0.027181247215081233,-0.19207496930540102,-0.00021634381644337908,-0.0039580996809273,0.008587770201058048,0.0,0.002237502100722726,0.0014880672868266267,0.013416136493056178,F5B8FC61-C06A-EF11-B2FD-005056A80461,MONEY MARKET FUND,2025-04-09,0.0,2,4,False,-0.015124477871201124,-0.015124477871201124,0.0,0
-0.15684476816690138,-0.19090449820493607,-0.10877303264298453,0.3799447513038712,0.0,-0.01763055510438104,-0.027181247215081233,-0.19207496930540102,-0.00021634381644337908,-0.0039580996809273,0.008587770201058048,0.0,0.012355257519933284,0.001487918229404708,0.0021701412000136714,F5B8FC61-C06A-EF11-B2FD-005056A80461,MONEY MARKET FUND,2025-04-10,0.0,3,4,False,-0.015124477871201124,-0.015124477871201124,0.0,0
-0.15684476816690138,-0.19090449820493607,-0.10877303264298453,0.3799447513038712,0.0,-0.01763055510438104,-0.027181247215081233,-0.19207496930540102,-0.00021634381644337908,-0.0039580996809273,0.008587770201058048,0.0,0.01289297413842787,0.00148870409771315,0.006604278733465215,F5B8FC61-C06A-EF11-B2FD-005056A80461,MONEY MARKET FUND,2025-04-11,0.0,4,4,False,-0.015124477871201124,-0.015124477871201124,0.0,0
-0.15684476816690138,-0.19090449820493607,-0.10877303264298453,0.3799447513038712,0.0,-0.01763055510438104,-0.027181247215081233,-0.19207496930540102,-0.00021634381644337908,-0.0039580996809273,0.008587770201058048,0.0,0.004275791021558031,0.0014886132773180205,0.0024463460164415997,F5B8FC61-C06A-EF11-B2FD-005056A80461,MONEY MARKET FUND,2025-04-12,0.0,5,4,True,-0.015124477871201124,-0.015124477871201124,0.0,0
-0.15684476816690138,-0.19090449820493607,-0.10877303264298453,0.3799447513038712,0.0,-0.01763055510438104,-0.027181247215081233,-0.19207496930540102,-0.00021634381644337908,-0.0039580996809273,0.008587770201058048,0.0,-0.016797839518636733,0.0014885224569206853,0.0024463460164415997,F5B8FC61-C06A-EF11-B2FD-005056A80461,MONEY MARKET FUND,2025-04-13,0.0,6,4,True,-0.015124477871201124,-0.015124477871201124,0.0,0
6.396461918371907,5.238221254097949,-0.10877303264298453,-0.8220216193228418,0.0,0.14038363960546688,-0.027181247215081233,-0.19207496930540102,-0.00021634381644337908,-0.0039580996809273,0.18975306314302892,0.17963100972753146,-0.03944841883834424,0.2383393434072496,0.0913885764522288,F5B8FC61-C06A-EF11-B2FD-005056A80461,MONEY MARKET FUND,2025-04-14,0.40523785364527687,0,4,False,-0.015124477871201124,0.01269773464290353,0.0736106552431126,1
-0.15684476816690138,-0.19090449820493607,-0.10877303264298453,-0.8220216193228418,0.0,-0.01763055510438104,-0.027181247215081233,-0.19207496930540102,-0.00021634381644337908,-0.0039580996809273,-0.17257752274091281,0.0,-0.0002807231091137648,0.0015309273875347808,0.11548242018474929,F5B8FC61-C06A-EF11-B2FD-005056A80461,MONEY MARKET FUND,2025-04-15,0.0,1,4,False,0.17963100972753146,0.01269773464290353,0.0736106552431126,1
-0.15684476816690138,-0.19090449820493607,-0.10877303264298453,-0.8220216193228418,0.0,-0.01763055510438104,-0.027181247215081233,-0.19207496930540102,-0.00021634381644337908,-0.0039580996809273,0.008587770201058048,0.0,0.007690851686914971,0.001522410320506581,-0.03751740200957421,F5B8FC61-C06A-EF11-B2FD-005056A80461,MONEY MARKET FUND,2025-04-16,0.0,2,4,False,-0.015124477871201124,0.01269773464290353,0.0736106552431126,0
-0.15684476816690138,-0.19090449820493607,-0.10877303264298453,-0.8220216193228418,0.0,-0.01763055510438104,-0.027181247215081233,-0.19207496930540102,-0.00021634381644337908,-0.0039580996809273,0.008587770201058048,0.0,0.01328862093676359,0.0015292612259330271,0.03536935358484412,F5B8FC61-C06A-EF11-B2FD-005056A80461,MONEY MARKET FUND,2025-04-17,0.0,3,4,False,-0.015124477871201124,0.01269773464290353,0.0736106552431126,0
-0.15684476816690138,-0.19090449820493607,-0.10877303264298453,-0.8220216193228418,0.0,-0.01763055510438104,-0.027181247215081233,-0.19207496930540102,-0.00021634381644337908,-0.0039580996809273,0.008587770201058048,0.0,0.052604555326732444,0.001571261583275795,0.2020751124962451,F5B8FC61-C06A-EF11-B2FD-005056A80461,MONEY MARKET FUND,2025-04-18,0.0,4,4,False,-0.015124477871201124,0.012697734642903528,0.0736106552431126,0
-0.15684476816690138,-0.19090449820493607,-0.10877303264298453,-0.8220216193228418,0.0,-0.01763055510438104,-0.027181247215081233,-0.19207496930540102,-0.00021634381644337908,-0.0039580996809273,0.008587770201058048,0.0,0.038176684894494085,0.001531340538867141,-0.18645923741841366,F5B8FC61-C06A-EF11-B2FD-005056A80461,MONEY MARKET FUND,2025-04-19,0.0,5,4,True,-0.015124477871201124,0.01269773464290353,0.0736106552431126,0
-0.15684476816690138,-0.19090449820493607,-0.10877303264298453,-0.8220216193228418,0.0,-0.01763055510438104,-0.027181247215081233,-0.19207496930540102,-0.00021634381644337908,-0.0039580996809273,0.008587770201058048,0.0,0.012287320448596402,0.0015312453797058118,0.002425768252159124,F5B8FC61-C06A-EF11-B2FD-005056A80461,MONEY MARKET FUND,2025-04-20,0.0,6,4,True,-0.015124477871201124,0.01269773464290353,0.0736106552431126,0
-0.15684476816690138,-0.19090449820493607,-0.10877303264298453,0.3799447513038712,0.0,-0.01763055510438104,-0.027181247215081233,-0.19207496930540102,-0.00021634381644337908,-0.0039580996809273,0.008587770201058048,0.0,-0.0016763501366951303,0.001531149455576851,0.0024221401856401805,F5B8FC61-C06A-EF11-B2FD-005056A80461,MONEY MARKET FUND,2025-04-21,0.0,0,4,False,-0.015124477871201124,-0.015124477871201124,0.0,0
-0.15684476816690138,-0.19090449820493607,-0.10877303264298453,0.3799447513038712,0.0,-0.01763055510438104,-0.027181247215081233,-0.19207496930540102,-0.00021634381644337908,-0.0039580996809273,0.008587770201058048,0.0,0.010333376375493385,0.00156284900185866,0.1532207369191978,F5B8FC61-C06A-EF11-B2FD-005056A80461,MONEY MARKET FUND,2025-04-22,0.0,1,4,False,-0.015124477871201124,-0.015124477871201124,0.0,0
-0.15684476816690138,-0.19090449820493607,-0.10877303264298453,0.3799447513038712,0.0,-0.01763055510438104,-0.027181247215081233,-0.19207496930540102,-0.00021634381644337908,-0.0039580996809273,0.008587770201058048,0.0,0.003946674434696719,0.001549037504559499,-0.06262766598766425,F5B8FC61-C06A-EF11-B2FD-005056A80461,MONEY MARKET FUND,2025-04-23,0.0,2,4,False,-0.015124477871201124,-0.015124477871201124,0.0,0
-0.15684476816690138,-0.19090449820493607,-0.10877303264298453,0.3799447513038712,0.0,-0.01763055510438104,-0.027181247215081233,-0.19207496930540102,-0.00021634381644337908,-0.0039580996809273,0.008587770201058048,0.0,0.002684943046880992,0.001560770077328935,0.05852197801713725,F5B8FC61-C06A-EF11-B2FD-005056A80461,MONEY MARKET FUND,2025-04-24,0.0,3,4,False,-0.015124477871201124,-0.015124477871201124,0.0,0
-0.15684476816690138,-0.19090449820493607,-0.10877303264298453,0.3799447513038712,0.0,-0.01763055510438104,-0.027181247215081233,-0.19207496930540102,-0.00021634381644337908,-0.0039580996809273,0.008587770201058048,0.0,-0.010594291352210922,0.0015377193880670766,-0.10644702657478039,F5B8FC61-C06A-EF11-B2FD-005056A80461,MONEY MARKET FUND,2025-04-25,0.0,4,4,False,-0.015124477871201124,-0.015124477871201124,0.0,0
-0.15684476816690138,-0.19090449820493607,-0.10877303264298453,0.3799447513038712,0.0,-0.01763055510438104,-0.027181247215081233,-0.19207496930540102,-0.00021634381644337908,-0.0039580996809273,0.008587770201058048,0.0,-0.013677282700241331,0.0015376236510363944,0.002423027545563138,F5B8FC61-C06A-EF11-B2FD-005056A80461,MONEY MARKET FUND,2025-04-26,0.0,5,4,True,-0.015124477871201124,-0.015124477871201124,0.0,0
-0.15684476816690138,-0.19090449820493607,-0.10877303264298453,0.3799447513038712,0.0,-0.01763055510438104,-0.027181247215081233,-0.19207496930540102,-0.00021634381644337908,-0.0039580996809273,0.008587770201058048,0.0,-0.017291124578005846,0.0015375279140035065,0.0024230275455624996,F5B8FC61-C06A-EF11-B2FD-005056A80461,MONEY MARKET FUND,2025-04-27,0.0,6,4,True,-0.015124477871201124,-0.015124477871201124,0.0,0
-0.15684476816690138,-0.19090449820493607,-0.10877303264298453,0.3799447513038712,0.0,-0.01763055510438104,-0.027181247215081233,-0.19207496930540102,-0.00021634381644337908,-0.0039580996809273,0.008587770201058048,0.0,-0.023928122755963076,0.0015515902094537432,0.06957131637947507,F5B8FC61-C06A-EF11-B2FD-005056A80461,MONEY MARKET FUND,2025-04-28,0.0,0,4,False,-0.015124477871201124,-0.015124477871201124,0.0,0
-0.15684476816690138,-0.19090449820493607,-0.10877303264298453,0.3799447513038712,0.0,-0.01763055510438104,-0.027181247215081233,-0.19207496930540102,-0.00021634381644337908,-0.0039580996809273,0.008587770201058048,0.0,-0.0318501140429728,0.0015515579837019281,0.002724246925886414,F5B8FC61-C06A-EF11-B2FD-005056A80461,MONEY MARKET FUND,2025-04-29,0.0,1,4,False,-0.015124477871201124,-0.015124477871201124,0.0,0
-0.15684476816690138,-0.19090449820493607,-0.10877303264298453,0.3799447513038712,0.0,-0.01763055510438104,-0.027181247215081233,5.206300454537575,-0.00021634381644337908,-0.0039580996809273,0.008587770201058048,0.0,-0.02027075773920899,0.0015260344990835942,-0.11817492570024336,F5B8FC61-C06A-EF11-B2FD-005056A80461,MONEY MARKET FUND,2025-04-30,0.0,2,4,False,-0.015124477871201124,-0.015124477871201124,0.0,0
